186.34199248309048 10.29006674716727
-630.4481162224752 -659.7939110989142
586.4058332706128 67.48367081621305
-81.43395094426003 94.9766439216658
-170.63252564269166 -234.6390002598825
-315.78882974076646 -747.0579968064827
180.8603588772982 -442.51814833182004
-938.0393238205708 0.44253777537598277
393.4155065014857 -832.5344315197738
230.1620413531363 -622.3467443175899
-773.4982243387113 -179.940306796752
9.876139140831793 275.98637208321514
-10.566996459835744 77.65500793216364
31.6169596320645 31.022927340051382
-938.5755615766878 -143.85729423341897
11.769738404504215 40.180575811146625
152.31723506657556 -106.48350634345489
-256.22226214153267 762.1872289785612
-40.28748858606865 104.45361854904372
412.61240939035514 -138.01129463577777
-35.63356180466267 1.6326127457637316
27.90954614308605 -871.5986391712812
-202.5232411037237 -306.05207622441145
-57.109688666057366 182.277629922434
-17.871507272086582 74.42162495889777
-10.392555203703886 -8.487573663700946
738.8843104092638 368.72818834697415
880.4601314582657 370.3396414172205
457.3200358192795 -177.56509870840296
-238.69361956643723 -790.8275334327373
-158.48191997874744 130.83086953140293
40.811188845518 77.06263817461705
-307.36175852148085 39.02263777145581
373.625351778562 484.81679611919566
-90.49158071636984 -111.46946479916855
53.48516836254867 -142.6556534180639
-412.96461725239953 -389.60275979683735
-874.3810274146181 257.73119835267767
-65.20815867632523 -302.48319705702323
277.60721682595886 -830.192269146175
-31.625190766416164 187.9979524941915
626.933716237559 -249.44287356883746
227.04686659260085 112.30911121418369
309.5239666670416 -322.1296019572041
-251.96243820870725 -947.4709573863324
565.6057803934638 -371.7134363167815
87.46897154049071 805.4132185656066
-165.20550415821637 937.2280482579106
365.53676446262455 305.9827482374897
8.243770381367026 34.75394046140947
-110.44865291119774 184.4700353760058
255.5067184395192 162.02118170140037
-22.714512412383158 -203.07942108883407
28.490455762726615 570.4029911861163
42.266622848241624 -820.2828296427937
-43.74213776023443 -32.235022753006554
-293.28921128075416 941.9284335242567
76.59071850025899 225.43367144805018
-44.44029812309089 243.27778212911562
-169.34622809237493 85.85629310572583
-453.4255819617583 -330.84733604004964
600.3218949465287 258.5767375162532
892.5645540135591 115.90927501996367
-80.6652110213108 -127.50634173135411
585.3460263289521 511.5998846895808
-737.8023212288174 -244.07686326358316
247.83513205769822 -129.82243598524082
273.63966503950064 44.136757634810344
-145.8302375190499 269.9637171264085
118.40878902106219 -46.70840716861964
-586.0515090158594 -704.1268534705675
-244.05220416380436 -301.83531549593954
290.7511416541213 474.0063642041868
-50.677066321366176 -32.851044337131064
32.00801365648278 -85.29547431435863
-312.7216092131193 -431.14626787485577
-545.6984549470142 414.62615196596875
102.11427308364216 121.11065910367445
198.92750594557234 -10.502227048345814
-244.36109009299255 -34.240824522655
807.5565633366756 -482.25990021572767
-577.5687313001221 -476.4502814539672
285.1072288313264 -20.475267522536843
863.3760522175314 -231.7680903517479
601.0990014439406 -630.2726675757988
480.27153977774384 -719.9498018566566
367.73423281845606 745.9526152857679
177.66764242893882 300.03328908797874
17.877368069678692 -239.56678391044545
180.69987181190504 281.5790247155235
599.9191524201846 -479.2338734813276
-669.8239383314504 29.201582379382476
84.36202717841329 167.51456543055122
257.4771487011183 477.16288722851004
-394.4239518042744 512.8779746923911
457.1921687606745 6.408867396764799
-247.48466520565356 142.43147121725136
298.7512434246251 -941.3946217955614
658.9895436410378 -418.64881043974214
-6.059103367665405 3.313031946493937
-335.22461257613486 625.5397288950242
-314.0859637398694 -683.604517820494
-726.2483993143427 -230.7737186636561
-693.8181198113871 98.32463406691406
-427.61086613018915 -840.4252899709563
-63.59296007872278 -174.2567078402129
-116.48781781825798 -57.74779727376518
-742.7168973811442 -166.36219791884434
211.12674857257178 238.70158535642912
-690.9904477001941 421.682092954912
-404.66598314178725 500.17623402694295
-734.8791217855711 118.17037246491495
-328.0374483840355 413.96128909470406
339.56601776918603 631.5624292083197
-187.16470509232417 -590.261002080673
162.05720117181744 679.5669225589643
88.9486760906086 227.32785521482376
-199.4801282882199 455.3931656448059
187.24485855621717 23.043839294254013
-88.89735550941657 236.90799261910396
-47.167074586626434 -677.1791348775772
423.08677505624 806.6788357683727
204.5464410226966 -429.37405731536273
45.957350772347496 -683.5444307474103
-674.8329763637072 77.01975572013299
446.97821746424853 -413.175714803128
-403.33335240525736 677.8670851599018
330.20167472718015 -409.36385577799507
-860.8762429909076 -272.353842093187
-224.2738588448579 -495.9923278906888
366.51737963413416 821.9743871359947
-928.1498378114783 -109.31096059175147
-313.2308179170809 879.710752103072
578.34116173075 721.2024345537665
73.62912121172636 -620.5810779774979
28.250986943169973 590.9733804498928
71.2134547816632 68.58823673755492
186.2236001243774 -60.51259743527132
40.44196003030569 -261.4103646521977
-933.0278634253871 295.4604889373418
-127.40940714714021 -431.08439650334844
-124.52012962101048 223.00154036488283
-293.0382169834265 -292.14112497001844
535.3442191308644 311.56943537012535
231.85905929871382 -224.48937213065162
537.9384363062712 -220.60715857641958
-398.2860822730087 -80.07501123761128
429.34481632259934 6.5481331281073105
704.4198553060385 652.2846925411565
-125.69399751649806 -13.776412341413312
163.74947258441682 -136.0714037619962
62.97987715775011 74.87434398780728
-531.7966423780555 432.1827259902949
-521.0260857527811 810.519195779527
58.03549793860956 114.93034945819223
427.69855675841666 -486.51162882105876
-317.30208568981755 496.21476735942525
-130.75993139868936 743.8980133762034
-424.31749624520546 846.5096304911935
720.1169584726235 -493.82202551169917
90.7397537947247 78.80946366773034
-70.03533402288662 -503.7027127776697
-37.869184205813816 -262.41543684432696
-213.10248777054557 323.76615075633697
-619.2267646725597 -91.29243909065735
470.1995854373085 -163.2266199906247
-201.85211054663694 509.7131401754236
-343.29688338562306 84.44149104744936
-200.94998225719277 -5.768707239896956
-192.82168475920272 -339.76693618828176
-256.3104972563537 757.172444093734
119.26268953807386 231.8991249142545
354.3466765765185 124.1556035387252
-283.7900378980605 124.83376621483845
29.246642997313824 -224.15623202253846
-240.50230790454472 -305.08101725248076
806.892341332156 287.49955395831876
-332.74116759606284 89.38790058697619
0.14783867853510588 383.7632504069708
696.0089343188818 617.5814164066481
-360.79385256222815 179.17813324803143
-60.399130901340875 -316.14674041818245
-275.3199996257535 -476.8780440619486
-890.0255419160217 -118.13495473354882
-598.7261295924671 -16.66123320869033
123.29501454701823 92.14959540696687
-894.1637559089824 63.60478670970857
-700.7893525786044 414.8915390040323
-915.3085484126746 320.96769857988494
611.521308435755 -563.3389738155371
409.98869667397076 -81.3196865253213
490.19942817933986 533.0585295361278
0.10996667522297339 -56.301116199821095
-14.318828512880817 -51.35180169317351
-516.3752766520944 632.2180397460373
-84.17509751990032 5.471924483162875
641.2154469173997 391.49145404731
-359.0359344762214 210.4796483193693
390.87203647787396 197.61460028224212
316.3175298632594 -134.12440373479464
-58.52640577234629 239.00259376289242
-181.3477545655647 -153.81522252675796
139.41713130430517 139.00724925154148
13.702702238679423 146.9726365367822
58.32138457489287 254.09481410127495
-792.2613395193733 68.23750879319147
533.3944637562656 37.47485398661088
-763.2527701016228 -333.8641854127534
613.873525303509 449.79224622625196
-113.90162504170438 -396.48396197105393
-67.53564215412415 -213.3547461089566
-553.554889670012 186.75551775188643
5.872353913179837 635.9541547935006
599.6519352361644 -716.05761631438
747.1350476737706 137.8117845151653
-55.50673932107414 170.11745074613327
-231.42371869019408 -790.1400386074126
218.44280336655876 -255.29587826183237
36.30549803471947 -113.17677917235108
-150.6757568604093 415.2532061278915
331.5974354400642 142.98381387664617
-375.4000873412301 -450.0997421931645
413.2144082547014 81.15552080369832
-729.7058696443448 -257.93762286575213
-197.9595210588489 809.2078418517743
14.628802097581593 81.1974463724894
447.461554775907 -706.9801179668574
-550.6612456800378 714.0533890265855
-112.57964826093736 157.85059331537855
497.7751279824402 -202.27912479583156
-1.5102453080509741 415.6701957563514
198.76890538598965 -303.7166887763515
468.7629110155623 458.1416995610129
-388.61621640640385 -672.255591680144
-624.0376548508477 -32.88466572905602
-117.98342736649099 729.1471667403288
-403.54801794765257 -493.64697933117685
235.746288303277 65.10370295022318
-567.9766363188235 -513.8857617498409
-33.76438857213384 -139.0155610039734
-137.98456218685996 -175.593916487959
17.29458660360658 -56.979473747028294
-615.5016724606306 -17.474303001236986
-835.6069924217363 -299.9119083120872
9.20294816822261 452.07884583332395
452.3873742019404 161.23848619897214
314.38895990141447 162.23884870659234
-543.090330923546 380.18803376177027
-403.53475917786733 -360.29097946482494
439.77013340694623 -471.6132418159653
-351.60861330470647 -27.410105734162492
229.74992105827585 167.2931411275407
-466.0156500584777 -66.17748971897424
247.72328187202132 -738.2938293196964
194.80418629031183 -84.06979012140378
119.70505146716721 -220.1615503062472
309.7241061009584 -52.17458352143717
10.37414341219305 162.5143231510016
-15.251557291425671 552.0299860959708
853.3259561389366 -443.9050585883824
270.57824210940305 -72.41674353367998
217.71138631972067 269.5502569711843
-59.55739555717832 -883.8344563900637
-92.62539469596088 -424.5109275087986
-697.9727201853343 565.9988996012959
-619.3546103401309 308.05321364040583
-842.0670859709943 56.10337718079744
393.51252729674934 -397.4535539031525
-323.66186748547454 68.89625546910635
-359.13632558972495 366.7384359182633
-763.1258016182716 121.2524566871322
561.9838721143122 -151.67996243014068
251.76998893931972 106.01117361233976
-791.5259849661041 553.5677720326495
67.25422890165788 70.36300323482557
-7.940771098728079 -16.378969222815847
-485.14238327022815 -550.4294916855328
809.057386924326 485.1665069668924
-33.2979895377386 -16.49325113084341
234.2116776293485 -94.59602735798494
-491.5647615145505 6.835611871958585
189.02136514846097 146.71136416679593
798.2621665600823 98.05575064299781
-148.99613663651678 -28.919189335506168
951.9379463713448 32.805303592623744
-37.43422893981789 198.55312285434192
-71.26898272034924 -204.5131437520606
-637.649534274534 278.41979556909996
-21.157944867015058 -226.71140178031658
262.50834775517575 422.94892052815396
-243.7863873499498 -495.02724674157207
-478.9111001823139 -188.50564310688094
-823.8202980184366 -278.49369159557943
-965.8611131166487 -223.97761027939114
4.809277266169214 -134.99148459006895
-191.00690774770413 -102.84815915494259
-83.51716369280395 -190.13802795487072
71.19095736069579 -131.42285688405303
300.0428323782217 -272.78314723857574
-430.00040375544404 167.32493100425145
0.33153202676611077 0.3861316052561732
318.0186489311215 -517.7874541958853
499.0409874768962 -777.7689411181686
-80.71801970621897 25.39877838587906
-893.4476098645395 -371.93423540736063
-36.146091566417745 179.5285697746465
32.31104022486701 -564.1610820412903
-587.061066727329 -650.4534114027726
-254.22462202631937 285.7066134414706
-825.0496541462833 -245.62154312109914
-342.0021792527708 -160.37129964931682
71.4058667489258 146.6521179329761
-428.9080352971537 -364.70254693496287
-364.96792238288293 -483.33239290297604
555.7439333344976 225.63999262194386
152.86485057751338 9.395711940935746
-272.9482264535182 -316.6847330307213
-868.3648256045316 268.56325995487464
202.5534217272469 140.7576368256076
-157.5700411949294 699.7549086352177
505.10125540954846 387.9963308094315
527.5367195058064 522.3963642736227
-40.4387754750246 -54.05436271197488
160.92769171097973 618.8180955752449
387.30506476370795 -603.7066308762422
51.64670601720991 -7.39399581838359
630.4488317418505 26.83174457838361
-185.21719327421448 5.117593868621952
670.6631550110434 675.9097371639107
-351.2119509326275 -544.6718537132494
-44.54010348989156 17.775758498701343
824.4607085984989 265.2358905999629
-130.80692003871224 802.3622932635876
367.7794009332153 482.17895178352654
125.58641565432214 497.591222594815
-21.30207792529182 306.2794434203307
446.52058105116663 -81.11665904842697
-427.6604052874975 532.3101018670922
-104.52138386217919 890.4798757913885
-757.6694540363662 -79.66727075761325
636.4827337596539 -197.1211747383692
-27.81406627801265 51.0353930359546
704.6534883850112 -616.2193445298026
-835.9166612768581 217.9993130416789
39.84091667365895 324.27517758550874
181.75858558486766 -156.17254651306786
234.3539174369264 -360.8958589411881
-0.5316234443905776 10.894154812766994
789.4620281878962 574.0409097641734
-415.5708833240401 -427.8638069033622
-413.2430270447998 -10.931580627021914
26.500800958986666 -5.294681084829626
-64.39385654685796 81.21727980364844
-13.465980914453962 -0.639028242871467
-51.91440787732793 32.42596227379757
371.84041543074665 -365.3656666100436
-286.485902004991 876.5057000587346
-474.57176373825433 833.9038136359568
135.2641973628917 358.7725592215229
-592.161123396583 544.8361126367812
-59.97233843453373 -255.00087224014712
-919.7918306970057 -359.93616794961684
380.9106636295909 912.7941988002766
-592.7682741228293 -405.1908308295515
-12.100192794464053 -206.6926717797219
-905.8011928470495 -306.70411307927526
22.2040198367109 4.305553497972991
143.56607519631248 -267.2451047174121
613.5324837298027 -218.5482540822777
377.31879429818815 -400.2507249034411
-599.9386734159466 -250.4591909191586
-184.0837042498266 807.5323049883502
562.5994025425811 -351.5952946080329
-320.06687993599724 -407.78481586074383
-365.1511798553689 -643.7208764557537
105.46890743382211 388.7196187520998
238.72582514876873 188.57626563376428
-81.79538588842428 -854.2921913168968
153.48194842311582 -257.34168542631244
-461.657826305465 239.05403639586171
186.17030381989218 669.5618999008547
333.4524044995718 28.952056924003227
144.10221249781225 987.6600529272683
204.96664003940674 -195.62173493176226
223.4180091448154 -553.781596740747
-671.1004986056313 -316.10507886655165
-574.1411210523369 556.1805917314617
-580.6642607811833 -56.049407934758115
-627.3312042903881 -564.2296427560466
-381.0710277251996 874.7816578666681
-4.503157623356736 27.584454267580096
448.0168450738202 77.17264528477645
172.77065365295894 382.88959712329904
-251.15418217076552 261.7109561297723
-103.31814014824626 32.68536822612835
58.31466811978951 -210.8526629845731
-175.27491291961 -562.6975918365343
-862.4698754137355 157.44107629262385
6.458830330831804 127.4496840834423
861.5930334908244 216.86782086348882
-660.5420818326427 594.4200859813025
-122.51648036292138 209.07056773484496
-8.185968108490203 -42.71544718036964
731.7240502426936 524.3669104508677
325.87272203066175 -17.239525126518586
-284.0897036775239 142.43904464885776
-60.123090745139756 273.64116210540163
-3.6237643529399954 2.8903289658817064
144.559425799442 -399.56165642655554
173.87981399227692 -187.09574269407736
-108.60552932543555 -77.45701801901508
-260.25540102701075 23.258210799059075
238.54689919745198 -379.79678490110626
405.4006203367974 309.0279883874837
5.325698535281655 27.020659400669025
60.28128646928771 -11.28557349124353
-720.5424998838882 430.52906207909456
-274.44439513675167 -14.774813060517506
525.7709610493672 -357.8099907584919
231.16829318515184 769.4993440569925
-736.8874104168057 69.12590229232536
455.1160482858426 -25.781354068144488
-65.00857981789794 -325.355451358325
299.5206530140519 853.1651046231149
-366.48404557145193 -408.94005623340405
195.08675198133906 395.8241120716779
561.0969676052239 -224.13264367844084
157.59499045120236 224.00896150705188
284.7584649236004 539.0465776086445
-47.25029484007589 144.87900185251544
-473.4954533930156 -91.48381790957971
64.23432698764252 -438.4620072350821
-183.3496299553927 215.77232353796072
-258.97590666876084 339.0438495416654
-130.43759431140583 37.018857553738265
846.6721807221828 1.2774129997253998
101.46478063626735 -23.458146146208
-91.43234666712951 -148.0076783596535
-211.3260961452374 -338.57885129408555
268.768454482904 -354.1835694920108
13.303732580414463 183.17745101794245
-700.6340654996884 -449.2451581470175
-88.75768328769563 -464.36191474683744
-245.86110067815432 61.9201643026981
551.0453740427436 639.4131872587246
-75.15411207157365 149.77813954114814
-502.08570900178836 39.754828983338584
-411.35263906137743 314.13239426709276
-388.5868221647298 -814.5182071855295
-216.78678382780893 415.81166835467195
635.0516349896634 350.3548083448841
19.721836448053324 148.02677051451312
-64.59213917859482 477.44511980109763
-290.7682304876689 -271.25417227331445
-594.3537092932626 -516.0391749756946
-251.85145552216503 -485.7882628360782
281.98325238723373 139.4196108128858
-349.16766577942207 399.7192850556331
-377.511118083905 775.462875871577
-835.7929466102071 -6.4578137047574
-502.46571515550653 -709.9319371093143
-225.15948699706263 -922.4054977235137
327.4182695108294 340.6575697347288
-67.32592280706378 698.078850201908
-713.3113244927114 212.4743202051729
325.439395391712 -97.69796585058754
880.0244535011118 38.85816322191506
133.23392521628568 262.2137629431118
359.6070692869731 396.6449865627041
-18.375580525900048 403.0470017734302
380.94053700199777 -574.7379188593891
-183.36551670297 -655.3577645443845
25.31872974477863 28.320261936063318
262.99881852176463 -710.8448371954777
-618.486335424301 -90.04484288707116
183.2322323412758 -235.65747877720014
179.57737133312133 108.85388661855657
15.274590271587657 -139.86719276043706
-93.22093506379991 -65.95290632356001
852.0377190388228 151.94580523162423
-151.51784703822412 193.67667301580926
288.2421125445378 -147.57613300828544
114.79911669888816 105.38368521320272
111.56112646581614 -585.819102160898
594.1117728274262 -22.81457423977328
-32.117129752550206 -42.28687060843519
460.7332206380178 -601.6452075709999
133.02062570853693 555.1528620811683
-505.2789451337002 328.9573362094813
39.86321361673289 83.12646602809764
6.068304838841969 2.1901439260892186
-346.4979451174442 270.79732162979064
-95.94547842334622 -62.63718077162466
-76.0128298032524 -781.7151485025724
261.1306068031777 -488.25592789351106
-271.7460699823074 -301.499514358115
448.5782236198329 138.3284008647418
-374.6147511932481 -218.3898203796516
295.0976850030982 -110.79229638131068
81.00769804251263 -862.6293377680884
489.78400826806 369.475505676763
952.816899926976 -137.89455341440046
759.4781564564722 -328.9775469721396
-121.36951035675898 -237.82026417836747
761.9335570838764 -128.38252310881825
243.81701720218592 -16.845987917772465
281.93243269485066 389.9907006989424
207.67355415774253 -42.97159915150138
-439.68862000196765 -269.8563889127187
-380.11293191520383 -203.67567878905265
108.56894157986734 734.6249935146878
-732.3437888635452 223.1250301942028
-187.59501904468377 342.0386971883823
-649.208489314069 18.789276624664623
250.49055586026097 -282.3782278641953
111.59152446786939 -146.9013758906316
-279.5727418282186 -898.2456668491214
567.7746878519621 291.4532522719175
-745.0338609312294 161.94764101327826
207.8130701055594 192.01624505527647
-394.66509242581515 -767.0308050190235
-125.38938956278805 -494.10846323287626
124.59066194874782 643.8646704992824
684.3322635410036 -421.6960725121244
14.895499646314448 -324.1158065485958
-161.71951004656455 575.985762173639
954.9537094712907 162.6058742197123
818.1123723517449 -560.027365559884
398.3759186445172 218.14637130742798
678.0563168451097 -399.050464196432
617.8080751523208 -55.17651353430214
730.683110161828 421.1586780451758
-184.08229804837288 -410.5065261388937
64.79635246094438 -358.86867899057256
498.40137158595024 95.60166492788551
-412.47701376520905 -684.8634914537191
-132.33894473523682 -20.51159144891353
449.8417918186836 338.1932480403079
515.273184872345 -345.56573153656035
48.713242189315814 334.53141847438155
-881.1815211501673 237.50506801453005
286.82730167510766 263.8010886317873
-187.60223984311975 -141.11784960299642
-88.35782876740103 -132.9191420985951
392.3420244507159 -900.8418917437567
-259.75628420944975 260.633106597336
-147.1160282365139 657.0542234689528
-696.1574902048854 -449.44597703700174
-280.053748935896 -343.8860587432395
-26.64443208680148 67.5460526107259
-16.292575113867624 665.0670518944073
-237.10852945655296 -497.0364456174998
-527.8765198282854 315.93446710725874
31.535161562347696 -541.7944386518403
-63.43316313299982 -133.49116857841904
-61.8509105622329 -187.85349890617942
556.6711582127751 -393.607712111105
536.9887971476586 136.36889819841073
118.29266936198447 -748.6479171421065
41.04016940567694 -729.9751771210628
-78.88360784462502 286.00574210168764
59.93107396317972 445.27473801106
-167.09061051898522 284.6363483679479
-159.4274806222615 485.7686901442064
49.3375449152057 -715.2649683115517
-467.61596368824394 -730.0321916260971
71.89347962344372 -489.3113345686148
710.0193553493207 -372.17895837486327
493.62512244448095 732.1086512578047
-586.0609572583764 606.7445683859422
898.3994524421337 162.26899244927847
6.844040554685048 0.15114023106198696
935.0527248690175 -115.07060187540038
683.2529798068957 551.7373469424592
20.12292569908666 14.129448086708738
-297.8015587727147 -915.1160445312945
2.421286613559002 -882.1952165708163
522.4819639386117 -411.14797577275664
315.130885939275 237.12112012104808
-157.97508197066358 -83.78353405007735
228.7662322369715 316.7166099241648
91.05433967424001 -875.3662478108971
-574.2756507359458 -106.15758518401198
-412.5044006229939 628.544188708852
-231.81968887048245 -284.3007216598695
123.54616497443274 -646.1138747633786
-80.93799247844237 -143.53335997430486
531.5502485497535 388.32714857423827
196.47374633180098 21.602089806233508
447.9655035752973 31.757670844028507
-868.6101156178707 -361.2478023827998
0.5021946724221038 32.31142179736299
-249.05568051942072 101.45483954320339
-610.8670807029523 -212.92887037669982
-4.847780415158166 31.750191389774187
-390.0436523397572 365.3201175837471
-527.5846534900784 31.760422306813197
282.23249654337025 420.0674168224037
-38.935621165100805 324.75487427492783
76.48025341819233 -718.9820002217889
-3.5941652859002704 2.1302329080842397
-90.45668786950034 505.4404232764303
50.14092391890379 78.93967697720183
-43.18726971419692 264.30456694006676
-38.19438702838866 -114.6145770317188
500.5038592651834 -17.595385809428667
66.73045045181516 112.97777427586279
779.3751175372977 519.6508084927618
-74.147433070182 156.87129560317064
-20.746437501840628 -78.4732974471615
-304.946318921764 143.118355705761
-476.6220678359058 231.4671826561042
-8.46120318530992 22.247796759664823
-593.0477131086084 -440.4746669792235
346.8362456543114 -426.3358272674631
-78.5265059609277 338.13995586942235
16.298237608725575 -15.942777683825058
-28.070705908999276 -693.9938490737728
124.23247784327646 -96.75163341703548
-961.8830673360044 -49.372548127048795
-614.7693209016836 -771.7301049280165
-939.1487824018072 60.90490203338765
416.71720771849493 259.25732103708094
530.4674541817145 -619.2234862268233
490.34663556840303 -266.333557380957
-196.73350793955152 338.56092943841736
433.78165826608256 626.9461492222018
-11.231521965419065 24.1823424472567
122.75377555857646 215.7629511409594
157.67911833129205 219.14335241329672
-160.58836743135328 265.49584052947506
-890.3011941339504 -430.0472438514033
223.51733390677254 -11.536159806873366
-397.4094205437889 764.6369786126331
513.4164135049473 213.19468652106022
175.41838231815925 -178.13402180488617
-870.6590614820657 320.97069947880993
736.5679744348623 512.6871534945138
-28.34881554221526 -26.050225278660026
736.5711247198724 203.63425264238603
485.76269739404825 -77.3791952490003
187.34256563988328 -265.0408421087753
235.6619734552719 22.08393136165357
36.00349815080624 -865.7689981233246
204.0469411498983 294.6803367362468
829.5078485148323 490.55179377764097
-446.28539067144146 105.44739728480701
-196.59665759774956 -309.8891247550315
33.113919099041404 638.5667214997081
-59.46473172100534 -414.07629753315075
-286.0202310928597 -195.41349228571733
-446.9880590803125 465.66246545063626
159.67648230963016 -99.6147490218911
-62.161766232555536 775.6544977182718
-20.17943612722113 -464.6005324691738
-2.880693542245143 -37.31666765305965
139.71575674075925 -38.57204096116661
188.37386778787675 -224.67685804983265
-199.36130083038287 -16.237295872169405
-237.01355942222995 -578.072531990814
-529.8063923721971 -669.5945120642526
-54.26030440160122 461.4117626265742
-693.8384034996225 359.7070737075823
332.64238861619015 359.541971983626
250.02401290201283 435.34467183678294
-252.1231749692233 727.7584561506055
-178.58010386790835 -45.693446914815254
68.11164162194908 -195.4124355047506
333.20578883662614 608.6706685947855
-161.38000873534537 53.58035568771176
-310.39283160841273 752.0451739002185
-448.9074192373369 -44.69954708468423
296.40499703109117 -742.3189036069584
-79.94886752580113 65.03737969344077
-497.3446539344163 -149.99999478072712
205.59385621421112 -30.481798856146142
599.5404248256273 -470.64484865280565
83.65827342714813 413.3068971621329
227.27028027179432 73.92985296739238
223.62740241636942 294.6886217444951
763.4032471295317 65.72894824235267
-167.34800952251064 60.351750195976734
-16.690503443804058 -932.5774690086778
-288.658968143296 232.7577691821527
-285.34875062472855 -692.2120509616649
-23.585993329360907 -78.15237300124024
237.09002195886302 264.67835379063933
-886.5608171346843 360.7379618803281
-91.28070672992054 600.6844056329027
-366.71511709995946 494.0006636384117
-13.574856001119146 13.444626197115
-337.5908875828028 660.2014537313154
-129.25064457360025 32.37340510702302
60.01285758878307 308.5546933091241
238.67197587363992 -107.39670929543992
-7.473074090023503 -35.47014440045627
-123.30451044983519 141.22825094706548
-774.2841876406328 -176.13066224684965
-328.71540706882774 153.7681349475203
-30.089796499761107 -40.24420918053342
-59.71868936025383 65.32975494360656
72.30187975750364 173.87584476948263
240.52271383761013 -497.5571545322858
-158.57332238385118 26.179160851766998
-167.436580529214 -334.3027510698789
-2.122897163542201 7.553002881608718
986.8242308594943 -15.093689102972936
418.1826879969621 152.49558284118
121.08312578624066 -737.459435620263
313.4356606679763 288.60246834156356
-143.6225392814537 -443.2469086383664
252.12571651292168 -426.6471321130869
-50.75716356456237 782.1947098226971
102.20787422802475 -543.9068202347754
-79.50425956959627 720.467847907917
-445.29799163181184 45.5661032400028
-806.3116617859547 -31.802243127220066
-63.29272449967944 177.5914464750528
238.94040820563274 -278.42367982808787
16.010909947055666 14.173523365545826
-512.6592532469349 -653.2181648053987
211.33363821840558 436.4358639418483
123.8843609530218 56.956522330786676
-384.3657552596123 -223.07313017369773
-59.30452295396405 -85.90514344421352
-175.49658978404386 -152.17343387978792
532.7085155717954 -790.0277955994507
453.9121322618588 460.16227988884714
353.05283335763477 162.0448429620484
510.35531517337535 -11.70977750144228
231.8620316562488 368.41229271087406
-31.716008329507943 112.414531623312
961.9716595325402 -0.5310236404034407
877.1334320053023 316.7932622543742
-878.8537126761256 463.6683370584242
240.16835768348514 268.18997273451214
-407.0869518681362 -913.0916797524626
-532.005276255869 441.32655976149016
847.8715823213452 192.9808866751771
-567.999528405268 -99.77291359987453
-252.69083901385224 -663.4209277568001
-536.9017474445653 277.07267035737345
-852.4888626360322 -292.73635448141704
13.435702449394041 475.32154852441226
224.43561665358112 -202.46801680382657
-87.65646212748904 138.60930271687448
-545.5819115438371 -145.20647411891238
-705.4972015077241 -248.97974041596888
389.82863067702283 213.6157015053375
113.30112435181306 -95.39944517820369
854.1340934674535 -29.41674614186343
155.85541724832683 192.76165973652263
-5.388151307819386 496.3977551963174
65.41888561707769 -95.53075274863917
22.90461747934272 8.320168445236924
20.738999347957883 120.30187938788562
482.50460478405694 690.2877145978329
-224.58063625156805 626.9252488958444
271.2562187912559 -881.6266685058926
558.7646216028563 -782.7571928718698
-443.2875029033317 -487.7371400512512
-4.09077429184272 -294.45143371437007
900.8722811884068 88.90182503831296
890.0509744214377 420.51621443806505
632.5831779437965 8.274362811925126
24.505298111114595 126.36087598398281
-9.592082464671277 35.51771405805126
-877.6499189337469 197.297444066092
217.54364665441327 -333.3591185011827
-88.88759670599717 397.78649384420015
-47.45511891117795 -33.6562036789754
50.6700135674516 48.66937599470399
85.98697650885723 -90.11641392059649
-250.90787030263542 -48.741627691573164
-158.1063295501201 -664.915993490215
-18.195128857765827 -686.6737586837364
177.1447084822509 296.24983055310105
144.9333028478811 -221.79870628357688
-112.54943274815139 109.31983620836874
-72.14865982803457 -27.26427689016191
92.12545438287768 51.84115034167427
-311.5904194928057 -255.62639089665947
34.04929381746645 -278.8613823098402
-598.204950771677 -126.62898560607383
-883.5315339743167 -412.4371981868507
148.3184068488157 -425.7888886701604
-97.87392439561488 -255.41395371761934
596.2187999049839 508.7855224733315
-53.621451611201266 4.503077548860296
619.5561207176437 -65.77605471197735
784.9011773712036 -120.47729204578188
84.48536543820312 362.6784426371176
419.73904945013106 -139.48895274171636
-663.1393799694279 -120.07002414404529
816.5456945055578 133.02525082725273
-50.26530716461541 -11.51674127492183
-210.98032361077335 -535.1692723984534
147.19698777091457 290.4428599201577
297.67000598510396 106.60555224038087
830.3097381197298 20.736052336757183
-212.47972315944097 481.4614432289566
199.07421164482002 -575.7206602520099
-394.1662863025108 905.4796672555777
622.2094066277956 25.773592155436997
-383.86429726903634 -104.42844915268778
449.3895700266169 397.35451252400424
-265.31990360808624 725.1507583695172
776.3593442767326 456.814961368351
74.37619789564854 26.170488968640818
-3.1299235515189996 -7.0577129398323875
804.3953077472005 -139.68858296189669
576.763644945031 -50.87564864942034
-52.2312337270017 79.96324535266152
83.00972092812309 -305.4982015776487
99.61478987319401 154.86701905396902
-205.7850732474698 19.500253893916152
53.10468040057527 140.53128659455626
575.2347182331772 -259.80343504783303
-61.658773911656155 52.667756549948294
-196.471573886038 -66.29452783864662
-518.9773594432119 162.87580635195184
-3.7892657896444564 3.624583323383727
-895.7859884353649 396.46729888954405
-437.9708871100709 547.3620665057939
205.75192164245536 -767.7745615106828
310.25698292224354 45.8939944468067
104.13763595758599 -35.66869338329907
-12.770787309043923 -66.32049625646887
-176.5513207681157 19.632657164797518
484.9023150915459 -485.2372602435638
-310.69109011936575 -306.4427495271234
414.291765598471 662.8908858672573
-452.08689340608043 -38.80769443853834
523.2351979323091 -832.0932808578971
-32.194921556484 -272.03123683233235
-488.5421969358831 714.4437596110618
-277.52346856281537 500.0868804611664
47.84096693202172 -118.77771432555019
866.9908216993393 -483.51871501861336
616.1752751896264 -102.89314770370811
-41.69654509290829 19.715092585994288
-466.08352730816256 664.9913744193791
441.8009476605899 -66.90250885765172
-284.35483478288154 -526.8054214090232
205.00760608220477 -161.9347005681384
202.50692130348764 -95.63036448250882
10.802747789873205 -544.4578134298795
-452.2440980424902 408.7944463978453
-598.7950184062752 -193.46880058961128
1.6335743694863893 -848.4822221014703
-300.3478499727607 -461.7906699222454
807.7160245053028 -314.4891753116154
9.755131592610486 -107.13686400086469
91.65036353935989 141.88886160007505
221.05869932248484 363.6027237175783
19.177433509578606 -34.47930200004673
372.927241354292 -812.6604143773415
487.0369421301672 1.8810872314531488
-575.9063736190641 -409.97227250893144
397.2360407432842 -128.51634321301847
487.0341170678635 -122.36580500011094
-274.16325687278555 -22.423154678132803
-226.90602250081474 -1.153909511189639
-725.7469481949662 261.01288902133876
-23.925946424896214 603.3602709576877
544.4416220079265 -598.3946323299542
42.32716307565716 231.54649310512866
-787.9899891047655 -219.9665000301944
-433.5158009314814 -55.47404096088192
90.01874807317586 -87.50236603846207
604.1194276904254 -53.264655630022695
-975.5822752929976 62.55160300365075
96.69830838839742 -488.4035260539407
587.4328929574693 374.5834389985541
-972.6773919807466 -6.694623537134887
-120.43772031528663 -485.89928124565773
2.9296699180448913 -30.296373556353075
332.81524076501876 -609.6286603060427
30.621697269914815 -14.279757288434961
-913.530428183516 60.79482058171649
-55.5143716079565 268.0406834906166
-127.92026169694132 -979.7539539776153
-223.03555847515912 -278.3732243973681
-713.3915673441834 637.3912598157528
0.8860378826981451 210.74865312474668
-86.6074137235308 -196.44325985411686
12.317261894645215 -446.8311190430059
-478.4500045011836 -721.7183977656454
-124.69142276656419 -202.47394431558658
49.801486246176076 -169.3410506643126
-201.38676695972063 -608.4786972742639
198.37144580934572 -577.9970244956272
-26.39859287500092 -124.78482314986833
13.36651423872596 -27.76572714095822
198.1576430016933 16.960099288722972
-34.943614828750086 238.64715793606493
-121.67945860949285 711.2425387776759
-820.5036362560343 251.0320263931404
394.1515643930048 -823.28759145145
843.1930377850027 325.32596919637825
143.10443946037654 -35.44649547947687
-623.7935445663156 -382.80839775465796
-290.5432412444572 239.30216162494307
-4.784922608090593 11.25632909225166
446.7827705703348 -53.249401077942046
-566.8085221604939 -233.6286095826434
-568.2459388697008 -217.8326257936477
-285.339598617408 336.9103813875459
81.66352467174913 661.2878595248868
107.440657683945 121.69055875224805
118.75743149437653 -400.8690217975402
-163.1464051290989 59.951425333014164
-466.36184806634407 596.9969108343379
136.40868233792492 -610.2389936177029
568.1293126121112 -393.59422048542507
-84.49281014592053 824.3885481667828
207.42660051035412 684.3784712389248
-22.203167843487698 76.19697717375486
168.86809692908903 971.6647709205345
7.128330386733348 7.156741414726895
-600.29522484175 162.2020769907601
-298.3690438036612 -103.99812722225741
317.43722769285785 -725.8256013032359
50.455339778261376 30.65980060631419
511.45569005595905 810.4678414170901
73.15838073748125 -122.80863799818275
-407.6647211401956 247.99609929060875
-699.5109369217804 -364.18323978049557
307.7787440748879 -27.04588455639031
-530.9136246991485 -493.23040124747905
185.34233718971782 193.67335715400685
-249.1081886552903 92.49911048858236
-506.68759250296654 35.77443693332205
40.216023559129866 -18.014617200421835
641.5210354098314 -661.2607584289817
-926.106396965388 72.76443712130506
767.348754112846 272.15448218919704
-87.06128987657898 900.7426297434251
204.0086572603339 -277.3358665012053
-138.1320263960791 83.96307647037106
-120.2518100588437 -343.85175164967205
-591.7900772712973 -44.28155621149699
221.99888915966596 -396.4082358993472
108.04730854922502 259.5116266981441
951.2751663057284 -1.8502880820097873
-136.38317425220706 -280.63107069943294
-331.88256432192276 746.2309534235145
-376.57750860135286 -144.08673551489605
772.5125611150861 52.07282539593599
-353.65948831721727 -101.55318159506511
105.64907619450118 -976.2084559728005
20.045728684321386 722.3006944998198
230.31752076558857 -434.0535193299257
-110.4709323513609 293.2201182468363
-673.7791753937811 -576.4193861109165
351.0891851400163 860.1410365232136
-298.9491476222397 616.3028087213962
-167.67378175066 -878.4542792195492
486.89921783767375 -149.76091104965795
-756.7723816656537 347.87884624684835
219.01865021735705 539.5855705491639
-449.9641777275384 -373.9409449318635
-162.95063495982328 131.41817637896634
880.050617805697 321.4191479071854
-588.8659624477517 193.58084150780562
-325.30506566233674 140.60579099255125
-218.551397071445 -90.77300290524053
-324.19219257255196 596.4763293135163
-119.74311018602894 125.99180619598246
9.561205540672528 -4.076138670666376
12.078155082341306 -1.6277743050066948
-790.0147629899409 580.0952929043606
929.2237041216093 82.73271386489945
-739.0254701193227 131.58501751198096
-30.79312842829588 493.1046040767941
956.0127338123426 191.085029259373
-12.469718926705703 2.746357816414218
-203.13499914927206 -700.1934938483903
529.9465392903529 -94.86595262588357
443.9248975313661 762.1332519528617
221.1766400074291 291.3615231874898
-53.55119730831139 -695.298652035474
-437.14466542473883 746.3116374972918
-651.1226017459122 63.85938876497116
-75.99818901110069 -916.5886453462404
-990.5848769532325 -130.59832524060832
53.61754362919497 -339.6799132402955
-19.886962140076317 17.147618672738595
22.884376952669804 -258.47113294193497
84.8555807785068 -251.43740528711916
278.8297979701149 534.4252313260891
-485.9884386518902 12.32959724880435
318.82012265372396 -6.543336846079077
250.37814086877398 -348.70402448018297
-173.0973725342761 335.8829915042914
-490.95142088899155 -192.56578121533292
-211.7248212210086 532.6049504936053
79.46522184073932 -512.1929435123271
201.5616943133044 -793.08379686092
172.1318071046235 -138.36215509834648
