121.80524274165909 -370.57637447064644
113.07147672609923 -422.44428532822883
-129.23376152609987 -58.50073284523628
42.88952897455216 -5.623060582925798
163.51713288436082 275.95172972025955
-81.89576335995278 -33.349248491781026
-46.122190024118616 -402.8181827810324
-4.61986248854913 -19.17071981793408
226.48034549651146 0.49759163621109076
64.55550490186623 82.49108241357968
-121.3544535797097 200.25959329740013
323.5035999673954 188.6504513315526
-8.278099664966474 42.11000703060633
-255.9686556718181 -44.723147868127306
-248.89052368867524 160.40144846289076
188.7081332465907 105.53340188608804
-279.5493974380981 -78.46836708592197
121.94321853356529 103.73257205587907
-61.96846128901216 460.4084920437087
404.9248056680265 -23.83538860415021
-112.14677044668538 -122.46363331223829
-283.03663713361186 -55.74380528762322
-0.5330108094317471 434.28926504188246
0.7191410171016586 -5.7619768853589814
116.1452276487632 -229.21502717766717
-181.6103764787406 -231.46753928296496
-71.72418269521253 -65.16897915944482
15.079700987633565 484.05132560791253
-215.55118457216452 35.7086710864878
98.89964175404909 396.8451514892355
-107.45222507749453 -385.4906885952818
162.00018112498125 114.78218030280756
-116.16276168700668 -198.4887705415851
380.67268142378634 -12.23856590597365
-5.279490539584557 41.05216973551723
-328.8697002226279 316.0053509983029
-38.20308140196295 -271.57445754674404
-220.38788342050975 -47.25909804938822
-51.63917681505715 -164.53791117469035
-250.9440276644432 -363.7334909746632
270.9730867967396 -141.89699396460668
-205.3086467695489 313.4688909055735
203.24359209045585 -250.17504893858282
-110.9343343214947 -19.641731312663744
225.44978388244118 -115.52901871849927
-108.88294040019213 -15.198147045474975
96.51945419565725 -334.83679586717824
72.58306144038195 -147.72189230958196
-88.68349854499462 43.97947913118403
68.50639248151015 -54.00747542920036
300.8825262148524 -215.39036939619825
-56.98400739960353 118.40711366217936
-278.06604508326103 -308.67346058359266
-393.51107699983567 -88.60836830078834
482.20045826177255 -32.20210878621994
428.34684061805376 212.86501721162054
200.95045652451125 85.98597519749258
-360.6074677046905 179.62452323383
-114.92824856766035 -260.1796846463323
37.41076578622724 -97.91908039315895
-56.71311438139004 229.0559022219756
140.18131434732067 -7.596936474963932
270.25197484804124 -383.4368625027933
105.08939818850266 -222.03257713932345
103.7356697632654 -246.65491528661858
46.80718294547264 348.6180727553974
432.122503437319 168.61094578486393
131.0778016248071 -69.1127854170611
-156.43908084166384 177.45445642748857
-396.6710242682761 199.35076022555944
-9.631509052182766 340.5027424801542
81.83029834548971 428.66742624177306
-107.44885065213421 -78.50605778956935
-75.80221049599031 62.1246944600497
-175.4129558228108 46.90096841557312
122.66254282108163 -323.2252893147744
279.5935086497289 0.11291181259647402
40.70953372201944 29.24407123656545
41.36194630999818 -52.326621114721085
-449.1709448769011 -102.42633013321183
28.790045065200843 80.55816412601551
225.79557040989232 -73.35410962283156
-421.99215589561754 -233.6940367385764
133.53829555130687 -56.25043234410665
-10.438841856864157 -465.144070470919
13.745679022478969 40.35817363167412
95.22251929870899 -55.175386779236355
316.62822221228276 -106.84713318084808
-13.594127694845614 -114.57875820418766
1.2826261051743408 -0.1266139100236535
7.410411209351683 -5.741871683538925
-42.43510242951734 133.26004175727243
175.14555326541637 117.61866155547379
93.23592836126261 468.5485865854591
-27.12202720682331 -81.06503398939822
99.46106963837359 -140.55999193959065
61.49967102648252 -243.03070690862765
-71.82965611861984 395.47266907153715
83.04496415810839 471.7716353774806
-191.028920941637 5.648514776709495
41.54573081944509 12.51461029538938
8.511941472402121 189.4208290417879
301.60586967625153 300.95521299044907
-126.99330471812561 -22.8704088204872
177.2737523533507 148.70376852472188
220.50769846417722 360.59948194725087
-425.99041819053724 95.50830206714039
213.9840819309447 104.52087318967814
-281.6613955011543 -265.593367095089
108.33303696419406 349.15594907746674
263.30414667817115 -64.01849506517189
390.54814801453017 -122.11168477682585
28.910654485024093 91.97900655516689
-483.3094422531478 86.91360654650717
-59.60877480429675 -75.52640875031426
37.6541873116572 17.11595017911067
-131.597392258599 49.91650824075936
223.37492512979543 -359.72008082479783
-483.0016661151321 -30.80054094050643
-213.3477156245586 -120.11928424884427
401.9402540322295 -155.37813083642894
35.12423098184712 22.0369584284565
-79.35953366848507 195.72097623712207
56.6990153752914 -438.8411251981035
-2.281660651032434 337.9267771435278
-59.40733851057243 -415.65868011291775
-42.0565774273457 -35.5979603921181
24.445510142901195 362.20800231571064
-37.10178993131656 -44.550716340075
-385.07225285601515 -246.36017636428355
3.2441068700954325 -131.57117790168445
-268.2568048901896 -78.99333883715082
458.0036109285889 26.86479385791489
9.909645185341205 9.470124545137843
-12.418450890282147 370.05827640977634
-408.777084137368 -114.76396282204799
5.646017701684869 -60.03863100233266
4.479175359690314 -9.783131977280162
222.32387220187695 -318.4950117693601
-1.1345195711782854 -27.46325209453014
363.8939270020905 271.86337591782336
14.663011109235994 -8.327825301691787
-291.5214555317296 217.81193630558468
-366.57790784693566 -236.94268910795782
-10.83762100458591 -16.62478920445036
316.03772565249244 282.0887561953287
39.851830700260344 4.064819920226446
-203.86462021735724 120.11893707656051
-5.563292637915386 121.36783720755649
-25.646496782653028 -146.85952769991528
-356.01955342519443 -65.46445113025179
-324.2554794907086 -3.4724987617152476
-179.28789993906804 -425.3521539919163
5.246986839072483 -56.919031485626185
217.51431491250025 -343.2224687476161
-13.060273921856263 -9.623953350515418
0.6179333751108814 -0.030331159477850835
-359.6005615577222 -137.3798848732703
134.09326608874662 88.02303280434317
20.337596722798605 -238.21978814318578
11.041019439778808 -10.539659222485135
-363.6566665840655 -165.1321460144643
-69.53616420067273 -109.42594224459441
-163.35844121476595 -3.2728700484225226
305.62276932482484 148.91992905166654
181.4134221986476 -97.2387510065658
-12.42123559834495 289.36388926291545
-382.82881543955966 -311.87745874517964
118.44290545299442 -53.07153484206883
-52.56570856038672 -10.835066728894333
450.77581898696565 175.29090771375152
244.8668476663012 -123.41646062106095
-134.37390432198706 95.06519409028856
-136.75900903949383 11.536445099731374
-370.60683578482895 -184.0497637615988
-101.65458003703536 -290.0584299193466
-44.952992025964065 -457.6080047436918
71.24009478630671 159.56050989722743
-65.3084942403102 -478.1795285535493
-103.27165299934919 8.528214919789296
25.865261509594752 27.19820170921209
-151.88671216511491 -460.0325612430492
-124.83975813214154 -273.8647894055981
-16.682598882177274 -289.81378559844245
-84.05906489168561 -269.0956830832449
373.74726977912917 -282.5985051526927
329.56554191287336 -249.04999492273046
-155.3142966453369 194.63557106669006
-25.664342918723882 137.69650903522495
-170.27742404288466 -305.5027666950099
88.4896149452328 -459.5862269571868
-136.84140479577488 439.0958119328321
154.7949674545485 249.66390484944932
-0.5679693959649411 -0.5018013591767368
-385.5564492717245 -104.98504632591397
-144.5104350868749 133.34126792013043
-73.07921225317038 -109.24144825018001
4.427170271131286 -82.44586444727716
-182.04634892595763 -142.2285449014614
-28.53394511902651 48.733120411637614
-67.1243723318809 183.68699261673245
-201.60046590630088 251.0468710063437
-150.62089996481706 -462.83633089114676
347.48329747397514 -358.9138211122153
-337.3995471952499 -286.65954407722717
356.7937273884218 -190.59604653889042
-341.3631826687084 -192.53165864791683
-149.54493055168382 254.11178013452565
30.107931369445858 211.7762069129979
359.08541804317923 1.7595303758124763
-74.1776185049627 58.61155954625161
294.38827676075556 30.485064358784093
145.45060851805357 -245.36318094098002
51.53312089801062 -44.575982318684005
287.40758732938724 176.22339836978438
-17.1957178191189 6.674715375172902
63.057086707207056 149.28970710405406
-83.69978573071081 0.07148614222151924
300.81484769387407 244.32370030102274
-118.1066108761912 -197.9832607614331
103.25129074280643 278.32086772173284
148.87867887326848 -440.0582502123172
280.9228929714397 -99.28878430643914
-376.6896763993977 -117.61780961408405
16.23428278856599 199.90175991532374
-51.81642177201472 37.36777472509
378.4544409097422 232.87535312390014
-11.432106295588326 -8.106656484138911
-46.63046964070774 -61.573642385094566
-145.7423687689165 74.46067364691572
231.9531054464551 -94.9099299242556
-106.45755845186171 -80.79600868323865
-174.06699745822073 -66.7714137351009
-10.261756079787233 40.64354982616553
28.956006135113586 280.9152345986346
7.4518094471799134 87.9724799517758
-162.0225973109809 188.42945432240612
-146.00826748821012 259.920850677837
3.8497615133489993 7.0493605604459315
-51.116642074716815 -4.887011796030613
315.88031310204957 -200.9643590382626
29.180734805927262 62.54988203555647
320.7930356779445 274.07096223112313
101.22412934059706 223.15223750863268
-99.39779957598071 -450.89608170452226
-72.64050890660525 -136.09615659464944
-173.10335286174137 -111.1926010946173
-217.36427557873327 49.07030477259661
-56.23502381236097 -28.19618270392963
3.0745557357108946 1.2318510133514282
-2.7385114024370947 9.400608667529774
-8.575289934140441 124.85093011528303
340.73805037711537 -138.4060894252526
-279.4455085219889 314.15974452801856
442.75179941664453 -96.97638782340559
-24.870710614900563 7.516286620296257
152.36696755405842 67.75032700069016
23.387768946651438 25.334209824575858
-276.0752300134034 -17.868666167025246
11.907204868218097 -18.178472717184196
-3.0945897194851577 315.4765253400227
265.96822048552707 94.78507257001775
14.140510704217911 -424.67777197644597
139.92846369899223 -165.81973812710947
333.1424144512511 153.3838869894885
-29.068166402782495 24.11162122847882
35.120248534002165 19.043824815108476
-70.21395747765993 40.0230316815387
110.3202056495822 235.7341038266732
-126.09052505009643 -143.2963280193771
36.88919729421401 -20.644448591743874
322.1395634514504 -237.21924530159038
128.34485094811916 -129.53030460547043
-12.419832751833248 9.635020584630492
-277.27904770951505 -128.61066819672905
43.03534201835872 -8.405738930056183
-39.09548032584643 17.487358235747028
-295.5136597542664 188.83743613280987
6.945996757657663 -378.36590508820836
232.61497606326776 192.01692839413374
182.05939900779632 -94.17555249941127
247.41131131398348 -432.7615430677327
69.26590697607796 -13.315845231896567
-15.380888480136328 6.260292513305118
-254.56925878848753 278.0154341594803
-31.389248409444175 5.174217463910243
138.34164234607582 13.371009119591179
166.54162481560385 -82.39057961589465
302.4785568554996 -222.21262719587554
56.51501982371937 -278.4901214544024
179.23178813536467 -255.13669867949903
468.48159541069066 149.07175964606023
-18.615177606077708 -46.22532244910215
31.519796151205085 6.54242227994344
57.21957845657485 -10.613502547948393
-94.33284347143373 -22.397720076622573
46.370849065603004 -37.8245034962982
120.79970654953833 -171.46407854048482
184.21756436056575 -224.76832318616275
-150.31613891534806 -98.7909339949838
-119.17676482374176 -39.90110861582224
100.0603315361369 -25.346404948498243
-71.31171485800851 287.7038505995836
-70.67075333834904 -466.6242141801101
343.1828271923721 -300.28120488639564
17.29121688749439 198.86733854171268
220.48686956876432 -204.59882561921626
-63.33041047854181 283.47702658829945
-315.2167717674183 291.29085788385964
-265.75855595354045 2.5177546632662517
-76.1729550862851 24.996553509499645
34.924290740992355 -184.45979743159563
7.806648510987681 104.43775553747717
48.5259440164858 -270.4557672053932
46.81140503221574 -116.04000553985661
-56.39040646790199 -200.54583266338395
59.02394644299245 198.65951804443128
2.5430891055708953 -14.587158911651395
-21.600586926708093 210.4707310006213
-39.60336507173191 -6.3911136108582385
-39.475062553999464 -31.348071124331355
203.1491849364792 -212.557892564596
57.2170060202561 35.85620236550869
304.79601985594445 92.2184879909252
-99.27439213188796 413.6320701403866
62.07483225106721 -25.43995415445876
12.018687711269449 -200.70458488226387
-100.9792233798138 412.2650824850403
-0.0618343171874065 0.24801847456468085
241.74079617316715 214.64134421713473
170.3987041288616 69.9403038886705
392.1026125306685 -26.77553240436154
380.18298566009827 220.1216374550381
-408.97182133139427 -268.4542883971678
-303.2761294435343 294.7734516658114
210.56246920454694 17.744780026070583
-50.49744799292457 106.03215089460122
442.2694346193761 59.939601456181016
357.9872384672481 -303.97101556240096
132.26291611946579 -85.07598769749215
279.28058174489945 202.50919438131334
-79.17846587511352 190.394982285264
51.17988886566127 15.813324557164492
-32.097162730524126 365.57053189928007
263.2843706671286 256.4599263288828
-163.39553123470893 37.57468125509367
-91.20326672886283 -93.14140834372168
73.17375910655984 220.21984479752965
-179.33804962506898 -348.751094167032
-79.91704594474582 112.5412364641457
-5.330594340030263 -3.5748189011990283
136.65845222877056 -114.97874727844521
-199.03738752323883 -126.50726552249459
-152.4934913365702 -389.4192031517314
2.6432987891700575 208.47925778184276
346.85767560552347 10.682444037516598
-308.2316850158351 -267.82774307595884
-457.5762668475627 -90.69125401604822
-296.121291510354 10.152752505097922
277.02190978698155 -184.00758005254303
-80.77689647828238 76.09343730641876
-39.58241892989001 66.46449920460466
-254.21237736224572 159.96021834532124
-84.48158842359794 -173.45864186489916
-106.99494533152044 71.06818260954228
-62.243125938007616 275.70217978533594
73.19102513962903 107.60184265540137
97.27361394463082 -229.53967511586936
17.570422908562108 -63.47555521131995
-372.756997492086 -90.31489829202683
152.31886795073052 17.428727676351784
283.39233834083564 -202.6775549311383
50.49257010224345 -347.56545934565656
-166.05719384400638 -27.006356631339294
-180.68914297582145 359.2052295128526
-2.119997371881148 -308.62966522456645
-145.468638007527 202.3763356789025
138.22904367010415 -31.955515981158516
227.48216210887605 -25.351757774896864
-1.3192938447623355 54.52110685703405
-7.1733948116912885 5.914191705338295
-194.62566817111386 135.96850204413573
-356.07397507454255 66.87184112144813
293.224223045565 382.8976226682637
11.28634409213121 282.000389258772
34.446131494024286 -421.2770939253595
75.39554252829397 -178.77968159998503
4.121130248027576 -29.355216723893516
-230.06779692072044 46.46330289307728
-280.55776332198735 -23.212742191582883
2.675370412096917 -0.6042146775572851
48.905643442641136 -28.862359622867043
-22.02626570226761 188.37364277619528
54.832072388016876 -50.582765723244535
-238.70782192637213 240.9407767207797
-84.58727377518703 52.61022048544358
-178.34985798885728 -124.6329571482165
304.9477753491138 -338.25012053332426
205.10551825591213 -347.92787052339884
-83.51976607290402 200.40843667686346
4.174836074769637 -81.81035274631489
-283.4014717633106 -138.31302157515648
-177.43048875296756 181.12543576084227
-198.2813520846561 141.83643212889274
-126.99966577937612 141.26910500865296
-290.33221760459867 79.7590033132154
150.66542730596345 128.12857108380055
-55.890567055842034 228.92689707399006
-108.41087991430535 -196.24892856924575
2.741052096915965 -94.30133416981452
-0.30975582355316306 -70.5573138649267
175.36499605704557 -364.81389041467764
-92.3826115285556 391.02958760803796
122.6978072465993 191.79504946110998
-150.48866648725453 -73.74399647056869
10.483446434281817 4.415926467449697
-7.933630716353007 200.8766017871828
122.47193641733297 301.521730424394
218.20613079630698 318.4253223081172
67.89222361788809 -419.83385981869685
423.24676637505934 246.07517945851774
-26.015476637153 -486.84838867480715
-47.76512801901167 -64.39801682481851
372.72544403255796 192.5614128024089
168.66890662608225 -40.57236285397513
-319.48539395938946 -39.69110080715774
31.70274175125203 -75.13973031327464
-44.81073419828108 372.98382444842787
-116.49599102374053 238.7346112766747
360.7106009245204 296.04862214916176
302.0711426632867 286.1419064062798
-160.15569859981485 -431.45323114549836
-337.95129189827946 52.48833933908636
-112.0578284025417 285.9394241852966
70.62083155868099 198.2422727260061
38.401716436086616 126.23383721053219
-152.7254406001354 364.87085964393015
454.41251663309197 -135.61990840025138
-130.19759072937688 -146.89137774497226
413.15363233409397 170.52468600813071
220.90177134549373 -145.55695016908905
-414.4734060828352 -272.5426327512151
-19.450047221951284 -282.6272149393757
303.94599161072244 0.39664211539532007
-290.88776403023127 337.9497507600591
-319.7382554591396 52.514476953693546
142.69442064238464 -282.1504164298176
96.76257969949268 48.77811366500965
-0.27254654957468943 -18.517494618806033
42.710712362517505 25.843750546145447
99.23528626070191 -64.03799709599318
-135.53915063294906 78.48168634368675
256.6066401825359 185.4412170436919
-96.14188341145895 490.58974798911714
4.049669514185683 -23.802735706456605
468.2704082594882 -64.07497919213147
37.76728266819983 -0.770253322063075
-96.53389281801141 303.20450594092966
56.715122365296004 -294.9067515789039
-442.7527461503325 175.28892661001476
-82.38685227696911 310.2633765044703
139.3466310585277 -141.64148870548115
330.9158183985074 -158.1535618521933
-395.53193455422615 207.7486789189744
7.485181020894763 130.72500307537953
291.43816234997547 -156.14964951532102
-12.9180777389435 -54.614793714614066
324.41327505268686 -210.35189120684404
-230.83596396677655 425.1304476900451
-10.585365504115742 24.210893178112283
22.82643073472653 -18.043182408692214
-166.19225301508524 51.1308420984614
-70.25909504032329 81.73030582505461
401.30763281972327 296.07846316279614
347.6170715243817 -175.62229824770708
-263.25730430177776 129.3126985668822
244.98986617544043 353.17978326429545
1.8845620023252714 205.25113641284426
307.4884505886169 370.33365056217343
-113.58473960353163 16.662169395773553
-21.416539687054456 177.75714160887463
-93.16802175989997 -42.6474982833542
-384.14670926770157 -314.9727493026581
-221.63505713924118 -62.122973367392675
-322.8084529678616 64.96770288155788
-269.7437397292518 -111.8795241635476
-142.37937506834933 -114.2658926406312
260.73113997722186 -74.6790921608401
142.5857493341828 230.49801770495543
-266.30960801283453 338.1298265017752
-92.59113117530028 -277.2719618246661
5.2381007022782216 -137.8327934269096
2.2568811192347056 33.94362392593225
173.68125377202628 -432.2545614896806
-343.43279541927546 -220.87204321209518
249.469292735078 97.28878775723348
18.342174075228055 38.66532701043948
52.67240851805266 8.300130798678145
-22.311911616914703 8.171668419759785
-288.79782259699067 -272.9050320554956
