 360000.000000  12.000000  1.000000  1.000000  10.000000   1.000000  7.000000  3.000000e+00  4.000000  100.000000  1.000000  1.000000  0.000000e+00  1.000000  1.000000  1.000000  1.000000  1.000000  1.000000  1.000000e+00  0.000000
   2335.000000   1.550000  2.100000  2.450000   4.450000   5.650000  6.150000  6.500000e-01  0.850000   78.750000  1.650000  1.450000 -2.775558e-17  1.000000  0.800000  0.850000  0.750000  0.200000  0.550000  5.500000e-01  0.050000
  80000.000000   1.500000  6.500000  2.500000   4.500000   4.000000  4.500000  1.500000e+00  2.000000  100.000000  3.500000  3.500000  0.000000e+00  1.000000  1.000000  0.500000  0.500000  0.500000  0.500000  0.000000e+00  0.000000
 500000.000000   9.000000  1.000000  3.000000  10.000000   6.000000  2.000000  3.000000e+00  3.000000   75.000000  1.000000  1.000000  0.000000e+00  1.000000  1.000000  1.000000  1.000000  1.000000  1.000000  1.000000e+00  1.000000
  28650.000000   3.500000  1.000000  1.500000   6.000000   6.500000  3.500000  3.000000e+00  2.500000  100.000000  1.000000  0.000000  0.000000e+00  1.000000  1.000000  1.000000  1.000000  1.000000  0.500000  5.000000e-01  0.500000
  10016.666667   2.000000  1.000000  1.666667   4.000000   7.333333  6.000000  1.110223e-16  1.000000   91.666667  3.333333  3.333333  0.000000e+00  1.000000  0.333333  1.000000  1.000000  0.666667  0.666667  6.666667e-01  0.666667
 115000.000000   5.000000  1.000000  0.000000  10.000000   2.000000  6.000000  3.000000e+00  4.000000  100.000000  0.000000  1.000000  0.000000e+00  1.000000  1.000000  1.000000  0.000000  0.000000  0.000000  0.000000e+00  0.000000
  40000.000000   2.500000  1.000000  1.000000   6.000000   4.500000  6.000000  3.000000e+00  3.000000  100.000000  3.000000  0.500000  0.000000e+00  1.000000  1.000000  1.000000  0.500000  1.000000  0.500000  5.000000e-01  0.000000
    302.446809   1.053191  7.893617  2.021277   4.308511   5.510638  5.882979  4.042553e-01  0.361702   90.936170  2.563830  2.765957  7.446809e-02  1.021277  0.414894  0.765957  0.563830  0.265957  0.297872  2.340426e-01  0.074468
  19300.000000   2.000000  1.000000  1.000000   2.000000   6.000000  1.000000  3.000000e+00  3.000000   75.000000  2.000000  0.000000  0.000000e+00  1.000000  1.000000  1.000000  1.000000  1.000000  1.000000  0.000000e+00  0.000000
  50000.000000  10.000000  1.000000  4.000000   2.000000  10.000000  6.000000  0.000000e+00  0.000000  100.000000  2.000000  2.000000  0.000000e+00  1.000000  1.000000  1.000000  1.000000  1.000000  1.000000  1.000000e+00  1.000000
   3921.428571   1.857143  1.928571  1.642857   3.357143   5.500000  4.714286  1.285714e+00  1.000000   87.857143  2.714286  2.714286 -6.938894e-18  1.000000  0.857143  0.857143  0.785714  0.142857  0.428571  3.571429e-01  0.142857
   6860.000000   2.400000  1.000000  1.800000   3.800000   4.200000  5.000000  1.200000e+00  1.400000   80.000000  1.600000  2.400000  0.000000e+00  1.000000  0.600000  0.400000  0.800000  0.200000  0.400000 -5.551115e-17  0.200000
  15500.000000   3.000000  1.000000  2.000000   4.500000   5.000000  6.000000  1.500000e+00  2.500000  100.000000  0.500000  3.000000  0.000000e+00  1.000000  1.000000  1.000000  1.000000  0.500000  0.000000  1.000000e+00  0.000000
   1112.962963   1.296296  2.925926  1.407407   3.740741   4.444444  6.592593  1.259259e+00  1.037037   90.740741  1.814815  1.962963  7.407407e-02  1.037037  0.444444  0.740741  0.666667  0.333333  0.333333  2.962963e-01  0.111111
  25500.000000   4.000000  1.000000  0.500000   1.500000   5.500000  8.500000  3.000000e+00  4.000000   87.500000  0.500000  1.000000  0.000000e+00  1.000000  1.000000  0.500000  0.500000  1.000000  0.500000  5.000000e-01  0.000000
   8521.428571   1.571429  1.142857  1.714286   5.285714   7.571429  6.857143  1.428571e+00  1.571429  100.000000  3.857143  4.285714  0.000000e+00  1.000000  0.857143  0.714286  0.714286  0.142857  0.428571  1.428571e-01  0.142857
  30333.333333   2.666667  1.000000  2.000000   1.666667   3.333333  2.666667  1.333333e+00  1.333333  100.000000  4.000000  6.666667  0.000000e+00  1.000000  1.000000  1.000000  1.000000  0.333333  0.333333  3.333333e-01  0.333333
  22000.000000   1.000000  1.000000  4.000000   6.000000   9.000000  6.000000  0.000000e+00  0.000000  100.000000  0.000000  0.000000  0.000000e+00  1.000000  1.000000  1.000000  1.000000  1.000000  1.000000  0.000000e+00  0.000000