206
250
127
13
209
164
97
120
168
41
85
214
227
255
185
219
66
93
19
216
131
87
43
27
4
68
120
80
220
201
5
67
139
49
162
1
149
233
64
49
97
26
32
86
82
88
236
19
211
95
203
71
186
72
138
35
39
135
125
255
159
112
43
220
111
23
136
46
25
227
156
135
13
96
188
46
164
131
83
49
141
143
159
244
110
209
173
166
93
15
225
146
225
150
216
199
65
16
153
67
185
21
16
173
172
16
173
253
184
55
255
43
75
96
84
85
246
232
67
151
195
0
66
213
137
161
209
153
89
236
44
113
196
53
221
111
199
34
83
97
159
119
124
140
74
140
44
129
168
128
47
8
224
206
1
105
179
17
192
30
69
72
238
32
114
254
180
198
224
154
238
54
0
54
224
237
254
192
42
163
198
104
181
34
193
22
197
86
55
128
54
49
28
35
82
235
51
71
78
157
135
9
60
218
147
198
67
18
146
187
255
27
53
68
142
245
65
140
31
175
248
58
231
200
42
213
29
27
47
248
15
93
58
7
109
220
151
170
37
241
77
14
117
23
120
35
178
184
193
84
142
158
164
59
251
209
211
169
61
176
239
22
150
251
241
224
200
244
94
175
10
115
111
203
242
88
67
251
84
89
100
176
202
103
35
205
181
111
177
159
101
189
134
185
247
30
92
71
211
110
198
48
204
70
82
214
37
197
169
140
41
98
33
9
38
126
235
114
203
23
0
190
7
160
154
152
203
228
88
159
83
25
112
90
170
44
13
246
134
21
83
111
161
73
38
37
251
119
14
19
125
201
179
103
169
171
48
100
202
12
245
138
125
41
183
220
234
223
59
166
142
74
55
236
79
118
68
9
188
173
220
108
146
19
120
116
252
64
81
22
90
0
45
228
31
171
47
103
174
206
77
79
8
94
184
105
171
250
220
204
205
214
133
157
66
180
14
237
207
108
188
201
194
173
69
159
119
48
234
23
71
241
152
32
104
52
41
171
157
218
2
36
83
112
181
46
255
238
133
88
160
190
162
170
211
47
155
173
162
111
81
82
14
40
61
1
96
236
169
55
77
10
96
249
15
216
96
204
120
25
88
197
90
211
135
98
198
200
174
79
22
62
86
96
198
82
238
180
169
225
71
64
100
159
90
14
200
3
243
216
75
183
96
24
179
68
14
158
245
94
123
140
186
64
74
254
76
94
167
174
29
203
164
211
61
157
35
19
23
161
66
112
86
92
175
209
44
239
3
15
67
11
237
241
124
119
104
185
223
151
167
40
85
223
156
35
138
119
187
135
137
134
234
36
35
99
245
144
13
166
194
249
151
179
104
174
141
248
41
220
124
34
244
173
205
24
196
227
115
73
145
37
117
14
200
85
43
5
254
155
102
136
130
176
96
124
91
252
37
252
215
109
125
24
249
214
107
3
42
151
217
17
136
8
158
159
184
6
40
169
239
73
94
244
0
182
252
124
103
63
149
55
213
199
107
80
17
113
191
148
59
178
74
19
248
210
201
149
168
69
145
155
109
136
128
117
227
4
249
1
239
150
64
81
68
13
5
121
222
13
26
153
68
62
161
141
192
136
33
16
110
8
150
73
103
65
108
223
228
14
66
101
181
203
56
29
63
2
154
126
227
199
13
165
201
228
139
225
190
214
16
236
249
27
97
168
80
202
148
227
16
125
210
227
50
216
20
168
156
203
60
7
79
98
32
32
28
182
203
108
175
102
70
63
224
166
28
56
161
223
19
152
10
164
5
9
55
224
5
82
35
102
43
144
132
227
0
74
190
21
30
64
201
32
106
30
135
194
167
119
131
202
76
103
236
112
140
117
125
125
190
120
108
157
96
13
129
52
46
194
62
197
8
74
219
54
13
96
201
171
68
129
59
207
168
155
17
153
185
105
56
133
7
58
148
125
27
223
250
60
138
95
250
201
66
164
236
254
158
60
205
180
189
157
77
49
75
176
183
134
214
150
244
83
187
254
54
23
65
3
198
213
60
134
172
44
127
241
43
104
235
122
6
218
131
46
221
231
22
67
36
148
8
5
63
216
118
114
152
227
54
220
125
8
165
253
156
42
163
170
61
146
102
115
192
161
68
175
230
182
0
27
162
134
236
71
30
183
231
24
150
150
121
129
194
147
24
243
117
96
238
84
80
135
206
65
99
155
92
26
201
234
201
246
232
63
174
182
138
19
205
88
135
24
137
145
43
173
101
254
33
215
116
83
70
143
223
32
50
138
234
121
92
234
180
7
210
198
204
255
41
220
192
52
197
131
50
87
246
96
65
172
162
125
34
19
216
202
210
136
255
26
171
254
176
161
102
253
156
20
60
119
168
50
33
140
221
243
25
51
92
46
106
155
185
156
43
186
206
239
120
167
165
52
63
251
71
246
31
140
79
43
112
78
65
237
204
86
192
195
9
112
104
109
241
248
178
195
21
104
39
31
115
241
166
81
70
219
242
9
79
218
255
165
122
163
214
243
209
253
192
185
181
96
138
34
8
51
120
1
135
149
56
178
148
83
71
79
173
94
251
241
29
36
98
250
140
233
133
162
155
57
23
27
71
185
71
179
206
92
86
27
117
171
68
238
146
116
177
110
142
191
82
109
193
67
189
203
115
179
124
233
132
247
102
195
208
164
2
72
239
100
233
78
223
36
45
175
159
60
51
40
147
128
194
250
241
116
164
91
40
27
124
159
44
126
90
155
185
182
66
114
216
34
6
154
13
214
77
234
235
230
145
255
217
124
77
169
193
241
174
237
115
65
134
250
247
162
244
8
235
79
254
95
74
89
165
93
46
196
56
87
242
142
120
85
146
157
226
211
74
241
173
13
55
168
105
86
104
73
103
205
194
37
96
252
251
249
8
91
67
108
247
67
112
232
169
165
131
118
250
163
236
98
156
84
39
96
251
244
147
41
64
57
176
109
127
93
232
138
60
68
185
31
100
115
13
32
82
63
99
239
38
18
24
187
101
76
38
238
244
29
213
0
11
16
6
207
87
205
41
210
84
229
74
242
132
25
195
143
97
218
19
15
19
147
160
29
89
113
90
252
80
49
231
76
188
219
13
158
68
177
216
212
61
119
152
236
44
137
64
73
49
74
202
48
60
7
200
121
52
172
214
73
34
88
223
248
116
71
111
86
85
224
181
97
248
176
111
127
250
202
130
238
126
128
215
10
236
128
93
91
133
118
85
96
112
85
0
203
103
39
103
121
165
72
193
128
149
64
247
30
216
217
247
174
238
142
170
53
53
131
204
189
77
152
178
25
20
198
88
127
132
180
168
110
174
6
16
254
223
108
119
212
15
180
157
30
242
179
206
10
54
9
143
154
240
100
120
221
167
221
186
202
113
0
244
224
2
212
247
174
155
176
160
101
181
18
142
138
52
155
187
21
245
187
38
226
255
105
114
191
91
165
81
205
156
119
28
97
220
204
64
91
240
134
253
121
142
162
180
93
218
147
32
190
71
227
120
255
31
125
203
107
123
144
216
132
173
72
39
206
12
114
222
236
24
231
217
216
158
206
125
44
21
82
243
221
221
186
168
24
201
149
188
95
3
205
98
144
63
27
188
224
97
144
254
107
142
77
118
45
59
100
81
93
181
7
59
114
202
94
69
38
68
30
139
103
80
6
222
29
162
20
156
97
222
240
80
213
88
244
219
62
134
32
197
178
208
203
38
166
215
241
233
159
52
126
10
144
2
238
47
174
203
71
20
172
208
59
241
139
54
142
13
179
90
193
137
207
23
127
98
238
28
246
212
42
85
225
54
121
219
0
4
108
20
19
237
225
207
8
236
115
79
108
151
216
169
175
4
214
124
253
169
33
226
93
29
87
108
176
141
50
191
204
152
201
97
210
69
146
105
39
197
245
110
31
235
80
223
170
47
118
159
229
39
53
131
148
51
104
139
1
66
69
87
111
158
253
52
165
211
215
57
74
136
238
76
25
215
149
209
234
160
160
215
98
194
124
49
8
92
223
60
106
139
102
146
255
60
207
59
101
20
182
69
11
200
214
75
121
13
233
216
127
232
29
164
122
1
89
69
192
96
161
173
124
37
218
18
213
92
209
182
45
72
172
210
243
107
137
100
249
190
6
92
96
90
83
73
170
114
147
254
232
79
10
111
66
184
253
151
215
2
245
6
37
31
144
18
48
66
71
121
199
39
24
159
188
10
223
56
147
126
141
198
130
177
198
124
59
37
247
59
206
239
211
182
157
83
15
172
189
108
96
1
50
168
157
120
52
178
237
215
164
73
66
154
37
159
239
227
230
56
241
238
253
43
127
202
177
157
175
153
214
60
160
100
133
7
21
238
176
115
204
180
53
43
79
127
214
52
85
217
75
75
223
10
221
15
32
143
117
197
154
176
104
111
165
159
144
247
229
152
65
92
190
55
104
197
198
6
39
145
216
100
249
134
62
26
47
190
77
149
64
255
49
132
3
14
183
186
31
170
167
189
94
34
221
166
246
112
201
56
148
2
36
58
25
228
192
85
202
178
233
124
49
0
222
64
49
17
107
99
84
224
138
82
169
70
44
85
141
143
249
219
75
41
225
168
139
92
35
202
143
62
90
73
5
26
36
63
33
172
166
152
146
122
10
186
105
13
223
131
60
69
77
116
126
20
235
136
187
196
131
58
202
175
62
145
187
70
73
216
36
178
17
163
167
83
171
127
104
49
155
230
61
12
22
109
48
29
123
132
255
166
255
100
139
150
166
48
43
115
56
121
182
4
48
59
36
98
199
195
34
44
79
39
238
121
109
115
206
28
194
84
17
41
133
87
225
176
199
153
225
73
76
132
10
205
165
20
98
238
182
135
64
239
91
160
55
103
144
165
235
106
184
115
21
77
190
20
143
72
158
49
113
12
79
174
37
47
228
93
160
114
76
224
139
157
29
223
214
48
202
230
168
135
220
206
0
71
227
200
205
34
156
154
21
135
181
232
37
99
30
172
9
238
167
85
70
12
83
176
143
218
138
196
178
124
203
132
58
71
160
224
251
84
96
185
110
207
28
14
147
109
11
17
37
159
121
2
69
159
230
135
197
113
143
168
245
169
237
213
34
63
47
219
114
237
153
201
52
235
138
158
67
78
70
176
110
255
208
83
63
50
196
95
97
72
70
243
173
229
247
128
63
147
121
177
73
216
15
20
141
221
61
139
59
166
146
1
75
218
201
150
107
115
113
9
128
92
19
115
243
232
97
4
207
176
238
96
51
243
17
19
86
225
20
107
234
48
56
115
5
71
89
106
85
178
25
155
12
86
68
126
66
175
193
66
68
69
131
154
184
15
8
186
212
48
20
118
108
103
58
69
78
96
82
95
121
46
33
150
72
164
135
60
205
110
161
142
11
210
159
82
188
23
219
39
51
181
110
119
253
175
65
88
241
180
121
129
243
9
157
35
239
11
4
42
114
245
254
166
2
50
11
221
34
198
66
175
71
7
82
214
237
198
37
146
160
200
104
11
84
82
19
60
204
255
161
97
151
26
109
240
118
224
235
11
159
8
190
5
191
138
102
209
92
169
41
203
24
16
236
80
199
205
165
7
24
157
203
198
216
55
135
19
52
221
95
204
85
129
231
9
154
236
213
198
203
62
62
60
217
97
62
117
160
195
5
112
83
54
220
145
211
46
215
166
192
141
120
158
126
122
36
116
90
97
73
103
116
248
162
61
135
229
76
253
7
73
7
244
86
104
168
209
101
74
63
100
243
162
66
58
23
152
0
23
207
46
237
189
168
205
128
251
38
86
33
144
131
243
151
169
144
185
53
127
115
253
17
247
172
221
46
228
172
169
61
217
212
214
195
251
35
164
81
200
217
158
37
243
222
107
107
117
147
47
115
92
69
198
253
29
150
37
166
240
98
61
54
42
35
11
255
153
91
56
157
218
80
27
72
181
186
14
85
84
71
3
60
119
23
213
148
196
197
139
212
208
32
44
217
99
238
207
61
81
221
93
167
100
156
180
176
67
206
116
111
74
55
222
129
98
244
200
184
126
108
86
119
87
238
108
223
112
96
129
165
54
137
112
171
148
87
33
26
82
142
118
250
227
220
68
156
91
61
231
146
53
125
186
255
181
35
220
3
246
19
166
75
51
207
11
172
51
199
161
123
180
248
23
100
89
70
253
10
247
167
218
11
252
195
78
131
148
138
233
80
60
181
247
70
165
212
81
158
89
240
153
247
97
208
115
240
128
250
56
133
247
202
71
44
239
43
24
228
56
72
147
37
80
226
154
39
241
159
200
147
45
227
215
208
2
239
162
29
79
50
73
15
240
81
255
40
45
37
158
164
252
194
67
158
220
74
116
113
222
53
185
59
163
65
50
231
77
161
240
41
223
249
29
181
42
146
150
166
76
70
213
254
88
183
183
155
216
105
65
76
157
79
118
138
215
199
222
219
125
27
146
141
24
133
243
157
45
182
37
94
160
42
66
169
33
37
127
53
33
71
255
5
212
126
245
35
121
11
68
122
255
12
193
174
248
165
55
34
250
20
69
245
121
129
175
203
20
15
213
9
74
5
202
225
66
163
31
107
170
236
238
29
12
115
143
92
1
117
190
167
97
214
242
177
53
154
217
107
217
174
247
22
152
229
107
191
59
26
250
33
67
50
46
209
3
237
101
99
116
16
111
174
80
211
183
183
175
26
253
248
252
178
168
78
182
33
232
254
228
201
212
254
31
249
180
210
44
97
111
145
61
150
171
190
118
126
223
142
82
183
64
238
35
89
75
60
226
27
8
74
245
246
93
58
243
38
6
76
149
120
18
238
17
83
88
107
111
143
3
50
191
6
51
117
131
149
81
191
23
230
155
137
189
114
49
83
78
216
27
72
236
155
233
31
33
45
241
19
213
14
5
142
188
118
223
20
145
26
30
198
48
61
81
93
50
154
130
88
0
135
207
50
65
243
177
92
3
157
223
94
45
221
106
116
253
201
218
200
62
3
134
130
110
56
250
37
217
15
137
95
154
215
142
33
244
90
101
42
163
52
17
252
132
151
60
91
39
13
254
217
1
32
173
68
10
60
138
97
216
105
111
158
217
229
153
76
35
129
161
17
50
251
212
21
24
178
8
160
148
212
152
248
19
159
47
141
114
58
156
131
133
246
159
253
204
157
230
202
25
67
208
124
146
196
181
249
230
122
129
228
78
202
219
83
156
68
118
81
219
155
70
169
237
248
192
246
90
188
61
185
146
33
92
67
244
189
130
217
225
55
96
131
159
152
105
101
93
243
220
15
48
35
224
100
167
158
142
91
43
140
188
200
202
26
15
179
151
135
250
20
247
124
20
14
190
144
220
160
82
133
232
60
250
171
191
39
123
230
47
55
254
165
6
6
121
132
219
81
112
167
140
79
66
99
99
229
104
12
119
117
9
220
169
129
20
97
188
117
36
50
232
128
45
117
251
180
176
88
3
208
219
97
160
11
181
164
241
99
80
64
242
144
200
183
131
168
215
249
33
89
25
80
219
234
17
158
221
58
60
14
92
108
31
55
38
195
4
48
126
243
167
0
183
24
82
217
74
107
203
22
124
139
200
20
98
190
164
79
181
148
222
84
224
62
139
242
220
61
60
232
225
84
37
214
179
13
51
124
177
10
236
131
213
195
32
180
70
162
120
175
204
65
118
197
100
30
162
170
217
91
135
14
137
37
202
255
17
161
247
67
7
65
48
19
182
199
184
208
105
194
194
201
217
167
81
142
203
166
22
10
146
23
206
212
26
232
100
19
215
195
154
126
83
12
231
58
86
111
29
88
23
126
181
72
119
31
243
237
41
33
216
85
202
7
165
108
247
115
104
231
220
101
168
168
54
29
9
1
211
12
210
214
223
167
200
67
149
69
2
172
221
118
183
24
18
115
160
184
39
165
159
55
15
214
184
80
245
166
151
196
26
27
185
212
27
243
170
251
150
60
157
171
46
183
30
207
212
16
141
196
241
201
209
137
104
130
76
26
80
217
147
13
242
95
105
189
236
136
192
96
90
184
130
235
26
222
110
123
143
108
68
75
43
102
177
63
163
158
199
18
239
50
114
30
21
68
40
177
18
87
79
143
70
203
168
151
48
239
75
42
112
32
255
93
152
248
138
91
3
94
51
154
186
74
75
59
233
94
108
230
170
86
21
64
254
183
140
174
25
170
157
246
102
92
238
10
35
84
25
88
90
84
205
37
31
243
23
136
242
132
96
252
51
126
232
185
238
19
71
0
196
193
229
216
166
169
49
122
207
206
153
51
247
134
9
15
30
66
134
158
188
233
53
114
182
45
135
150
16
186
114
141
134
240
244
169
8
124
239
109
243
27
208
252
137
215
107
166
186
215
31
60
104
166
49
214
195
119
85
20
220
106
247
163
158
77
107
134
219
90
71
106
214
198
191
240
95
193
109
189
116
77
244
15
114
69
151
74
169
215
168
213
62
70
49
190
162
255
249
146
209
10
151
62
107
108
212
36
28
88
148
237
72
136
189
14
149
31
93
89
210
109
68
204
206
95
85
250
157
206
37
39
218
214
128
245
151
237
5
235
118
90
154
83
34
18
171
195
89
239
178
184
188
169
244
172
6
62
32
169
144
55
218
195
154
217
217
226
76
190
25
39
91
252
132
245
102
103
185
38
229
26
129
38
247
92
115
20
250
246
253
84
37
59
212
42
8
157
112
228
50
169
89
133
121
108
169
79
174
38
49
137
188
249
130
212
212
238
249
18
183
141
147
251
99
91
231
216
179
153
47
223
29
26
162
145
23
27
140
253
209
180
174
137
9
165
80
63
32
20
183
185
14
91
109
98
86
171
227
120
112
48
10
132
102
136
248
192
207
117
74
72
50
186
2
236
58
23
224
166
174
81
6
236
44
87
102
156
105
235
193
217
211
59
72
40
4
108
71
97
76
147
217
246
31
163
42
99
206
248
9
14
39
193
107
43
178
23
138
236
80
87
164
64
139
129
123
190
136
216
32
216
134
100
0
125
71
40
174
222
21
156
76
107
64
131
152
108
38
155
208
51
10
102
221
6
217
44
149
241
105
139
208
8
220
75
63
166
164
178
144
128
232
190
107
57
149
243
57
17
130
242
88
120
2
47
228
161
44
81
115
175
249
130
73
66
112
190
0
87
151
115
183
229
50
144
204
75
99
237
114
191
46
103
43
35
238
128
201
215
117
6
145
43
168
82
212
164
199
184
227
66
69
42
220
231
153
124
159
31
108
100
174
10
35
240
199
145
103
102
165
225
156
143
8
13
193
88
236
194
1
86
65
89
109
252
102
18
161
214
182
155
44
173
199
149
32
73
71
97
237
147
15
16
192
110
196
83
191
173
253
33
63
198
222
123
165
148
196
217
70
25
233
36
214
149
221
46
89
43
93
247
105
19
196
54
28
201
237
114
71
131
0
39
201
198
188
193
28
75
38
239
87
187
95
80
59
200
81
90
205
212
84
154
86
165
35
240
94
148
158
70
227
143
180
114
164
10
112
7
5
93
222
22
206
204
213
199
13
43
27
181
174
175
83
245
186
143
37
108
92
193
244
228
123
124
143
166
248
221
81
76
179
4
192
198
186
52
176
253
217
121
63
226
66
246
64
72
172
172
163
124
183
212
12
8
104
64
202
97
149
16
26
51
128
200
129
52
114
150
71
82
93
81
202
117
38
79
71
126
72
188
163
53
50
251
126
125
253
218
195
106
72
143
47
95
154
223
90
66
139
15
29
172
214
68
70
148
70
67
208
39
24
32
118
184
132
75
126
94
236
80
226
202
134
133
120
214
222
162
189
181
49
98
147
11
238
118
113
192
182
202
123
247
157
125
106
159
248
61
73
151
193
67
176
251
216
119
1
150
172
65
220
158
242
236
77
27
221
189
142
217
155
81
102
47
69
202
183
83
234
232
160
23
183
180
253
142
56
155
42
255
102
127
85
76
116
186
173
64
66
219
108
200
65
2
161
189
6
88
200
129
186
127
216
57
19
194
132
244
112
186
63
57
174
129
124
148
134
130
42
53
26
196
43
18
243
5
121
88
25
44
85
201
12
127
189
121
23
180
39
19
99
47
226
239
159
33
3
176
139
109
207
130
107
170
29
167
20
203
80
61
194
195
251
12
56
76
142
97
206
176
247
130
106
59
167
6
13
109
253
105
146
179
65
14
218
173
85
236
25
138
201
153
185
172
217
206
172
216
80
136
219
227
49
5
189
103
204
223
203
186
171
95
194
205
99
69
163
134
166
225
24
184
46
116
167
238
169
84
76
123
62
95
89
113
50
214
131
83
198
15
139
243
92
175
166
109
81
232
136
211
87
188
25
89
36
215
239
239
222
242
122
160
57
252
156
126
127
214
146
173
66
224
241
165
133
227
106
205
20
120
130
16
208
233
211
201
116
178
125
254
149
138
53
222
229
215
131
187
147
90
213
30
147
120
94
223
216
73
205
125
238
245
12
82
224
203
183
148
132
187
172
233
56
13
45
115
201
47
169
156
131
140
37
210
233
247
61
18
240
82
145
255
179
74
246
8
69
52
164
199
134
127
62
250
247
36
230
226
16
155
114
156
92
94
188
149
244
246
15
130
39
52
215
218
207
51
86
150
184
7
228
6
122
96
186
107
169
205
109
78
113
108
181
211
129
106
40
159
215
111
30
147
227
118
203
121
28
189
114
173
97
38
26
19
193
113
225
11
138
196
223
200
17
243
203
146
189
61
97
64
20
73
58
76
149
164
95
215
5
77
27
106
95
8
22
152
90
219
195
80
245
217
172
58
166
215
138
59
90
11
156
222
21
104
206
208
248
118
72
111
66
38
188
88
223
77
143
222
208
81
126
204
118
202
74
80
127
143
86
19
82
99
142
61
107
245
37
233
182
61
247
47
97
101
5
87
50
135
100
150
214
255
123
9
33
245
69
161
48
168
52
164
102
243
149
156
25
107
179
168
177
202
9
68
121
81
73
84
108
31
172
178
202
76
16
215
107
228
94
5
74
148
92
97
148
90
58
66
119
1
118
36
144
19
126
142
113
87
206
152
19
179
90
240
196
90
176
9
119
19
138
146
68
159
153
100
60
223
230
42
142
63
106
201
85
93
141
96
186
139
186
106
119
104
101
120
200
6
8
132
201
164
119
203
45
128
197
116
47
213
135
255
76
232
154
254
251
190
210
210
205
90
17
113
216
248
60
100
251
64
197
82
199
147
220
60
103
82
142
137
147
119
49
79
115
72
187
49
144
200
167
165
149
97
125
225
27
86
49
112
56
49
105
110
127
10
147
46
72
72
43
140
39
113
105
187
101
135
244
221
114
0
32
88
191
25
252
48
40
125
123
158
210
27
28
22
105
67
65
179
111
249
231
139
239
110
155
25
162
106
196
90
161
69
193
189
152
7
102
94
155
111
182
73
49
168
51
19
204
124
172
215
182
239
253
62
187
80
3
239
119
79
83
236
75
57
17
233
242
163
48
42
223
48
170
108
181
139
202
16
216
194
61
12
110
199
140
138
216
55
174
164
237
249
23
126
75
187
35
115
60
219
104
53
41
176
13
91
233
220
47
46
48
40
150
71
199
164
15
65
248
5
115
83
54
67
35
98
230
47
9
96
136
54
168
13
22
160
253
249
209
248
30
88
14
156
239
199
25
7
127
25
121
226
18
42
103
121
231
235
206
214
59
3
95
234
136
44
169
220
138
143
108
44
209
90
234
95
212
18
136
208
137
53
63
26
88
207
11
196
228
213
78
11
68
164
233
41
149
226
199
237
63
207
9
135
218
198
46
81
193
67
176
41
50
194
20
203
135
192
159
180
64
72
197
54
117
243
136
9
3
1
214
41
195
85
95
100
232
151
4
187
9
173
162
27
29
22
207
85
34
201
188
85
160
188
58
188
166
136
39
183
134
14
118
69
105
230
12
92
178
2
187
49
244
224
120
155
238
228
67
167
102
44
172
99
76
245
75
102
28
210
173
114
126
116
141
75
103
82
115
53
251
131
83
154
48
232
94
54
29
93
41
235
15
69
112
67
148
167
24
220
29
123
55
137
13
104
141
137
200
211
88
237
253
174
208
47
40
180
137
30
100
254
30
230
8
131
119
61
117
117
43
10
128
139
93
92
65
177
125
239
248
97
185
12
74
102
75
4
247
116
197
58
255
215
184
163
213
11
129
36
49
91
237
107
193
6
153
220
65
184
182
103
47
142
255
21
192
210
1
37
91
248
174
117
21
170
90
238
187
1
174
199
155
68
2
98
28
51
13
137
228
148
126
240
65
226
160
29
64
50
38
5
72
50
99
252
100
50
212
76
228
121
202
131
46
43
138
115
222
80
118
188
208
72
32
80
126
42
100
225
112
170
235
131
153
215
215
105
208
41
216
208
225
209
4
86
213
94
18
164
135
196
8
36
200
239
48
85
15
70
224
211
235
173
149
144
17
172
1
96
177
192
43
138
135
104
95
130
200
209
74
28
146
163
74
42
25
90
231
157
20
42
26
100
10
154
166
210
109
241
254
107
159
154
137
143
153
85
70
198
253
126
30
188
93
165
92
162
106
128
132
176
243
230
60
144
159
231
94
226
94
121
131
76
249
78
55
120
135
33
82
33
198
47
136
81
120
249
150
230
24
251
78
246
172
177
169
148
238
134
55
220
163
1
21
139
230
51
142
86
79
223
215
252
243
82
166
178
69
124
128
27
127
250
34
132
133
71
217
151
184
98
17
82
71
61
238
214
142
70
79
101
179
181
19
72
231
131
111
143
168
85
88
7
204
73
76
160
160
213
78
0
81
186
44
105
236
185
16
58
5
90
16
213
39
29
209
140
95
87
1
204
7
175
28
165
12
121
182
26
177
156
236
89
142
17
79
74
86
96
209
181
156
33
254
143
21
172
230
37
113
11
1
89
17
36
220
54
63
203
243
216
210
62
97
171
234
40
16
50
161
6
35
50
66
82
243
177
144
33
89
109
151
39
214
62
229
22
165
18
10
235
221
3
102
108
196
170
11
90
195
75
5
99
54
177
142
161
140
157
32
148
15
54
174
32
14
96
175
88
109
56
231
126
238
47
145
225
144
218
229
36
216
94
70
97
232
231
17
167
53
148
204
7
128
137
254
153
188
136
38
9
105
50
31
139
226
47
109
173
181
41
67
68
202
66
118
254
79
94
35
138
125
117
245
179
74
188
84
47
69
42
13
4
220
232
31
107
182
28
243
85
176
86
222
232
10
171
96
228
114
252
206
149
16
16
170
21
50
167
46
131
109
149
253
80
245
229
203
26
165
41
7
144
246
111
140
78
57
14
138
71
241
52
83
133
40
40
194
232
74
188
89
104
154
126
92
182
217
180
162
173
246
54
105
178
172
46
17
174
221
139
157
222
0
145
7
232
0
182
98
13
52
121
102
144
206
130
238
147
191
237
200
246
128
197
252
204
102
231
86
237
112
86
104
189
37
36
131
209
114
164
131
229
108
208
60
208
71
197
161
128
47
78
7
240
9
32
23
186
69
31
190
184
116
122
53
143
91
135
155
110
243
36
37
122
140
189
8
232
125
232
215
154
69
3
220
131
134
177
147
177
157
74
236
205
11
113
208
188
165
232
174
17
205
91
24
124
87
230
247
174
31
222
82
117
30
228
183
156
44
99
103
65
35
163
201
36
191
4
222
120
185
93
206
26
79
60
15
239
103
96
246
170
128
159
28
124
134
29
102
187
54
205
178
9
23
226
248
161
199
255
78
187
208
7
28
176
145
47
159
103
128
122
159
44
190
102
245
161
16
60
188
12
70
156
177
177
129
204
149
90
168
86
187
169
24
226
150
91
199
124
180
106
254
59
126
193
18
76
27
78
114
242
192
223
173
172
90
241
93
134
131
25
37
47
155
97
1
59
204
144
162
93
235
252
142
100
150
150
27
148
232
121
22
188
114
218
39
154
181
61
237
153
182
72
126
220
22
14
220
240
206
2
6
190
226
165
116
102
62
248
98
220
12
186
105
68
144
63
58
186
31
163
144
77
67
86
217
119
130
86
185
150
206
209
163
68
220
162
229
181
110
85
70
39
141
248
207
153
138
242
136
144
231
181
106
49
218
107
206
248
198
41
111
142
39
50
184
234
211
219
234
130
178
191
14
241
59
225
73
78
30
96
201
137
130
64
59
69
138
170
220
42
48
53
56
95
88
64
65
198
231
161
210
65
46
31
137
191
103
169
178
170
94
141
132
252
88
82
226
213
118
3
180
81
112
31
113
190
185
217
50
56
212
118
77
149
62
24
102
134
215
87
44
105
160
183
198
237
245
213
142
83
5
153
222
49
83
48
143
84
231
2
25
180
173
145
113
43
186
71
124
24
143
81
55
70
150
98
200
225
168
235
44
46
80
179
157
87
197
81
4
126
193
236
38
130
248
189
1
47
144
166
232
54
97
64
154
41
174
85
18
226
211
96
63
128
142
170
137
23
133
255
85
11
204
212
222
103
235
202
92
89
192
41
8
70
173
49
79
124
89
246
78
160
173
248
183
231
159
133
188
149
145
32
101
250
6
12
255
8
122
230
108
9
16
191
82
210
1
227
39
179
68
162
159
114
254
133
158
71
184
108
155
252
82
244
101
121
230
251
254
244
167
97
237
211
233
56
197
155
72
192
250
209
200
170
123
64
43
223
175
4
45
100
9
164
48
226
254
80
194
228
66
124
216
246
170
217
158
30
7
160
54
232
122
129
113
209
246
52
10
52
67
153
163
52
161
108
112
62
207
23
239
157
55
149
130
145
225
235
234
26
72
55
181
26
25
27
13
175
66
33
1
194
136
103
96
10
232
253
151
224
199
188
21
45
242
207
209
41
80
252
32
87
226
251
161
74
183
154
26
249
49
143
56
176
128
69
105
218
88
242
246
149
111
145
135
68
158
128
1
182
48
178
253
128
251
235
107
131
218
148
252
205
75
232
0
155
128
5
184
75
174
103
105
161
235
41
38
70
123
102
173
54
43
237
89
21
76
41
172
202
1
185
39
37
157
244
251
250
170
95
158
57
79
63
73
220
179
130
13
151
247
159
166
182
18
218
229
220
246
138
92
220
219
219
46
0
200
156
50
181
29
199
84
219
98
75
42
40
103
90
105
58
144
101
182
90
43
141
37
90
120
66
253
86
64
155
107
20
207
132
92
86
133
77
34
80
95
244
51
153
5
156
96
53
107
116
198
180
141
168
64
232
110
214
41
172
178
235
251
220
85
40
110
65
114
79
95
52
61
126
59
187
227
13
230
3
231
186
242
121
60
129
148
24
139
139
89
190
69
117
12
107
255
61
237
158
138
12
237
48
45
65
143
147
243
79
198
58
230
202
128
198
98
27
10
16
106
145
135
78
240
93
78
147
100
238
234
141
211
190
242
119
154
224
213
87
76
121
231
226
141
212
60
65
144
203
107
154
198
37
3
31
145
95
247
134
40
41
238
204
49
249
139
152
149
66
252
224
187
75
69
94
9
138
32
10
106
127
178
110
139
42
80
103
42
122
86
4
209
11
147
234
199
190
84
111
125
101
162
205
155
86
26
233
37
55
89
167
204
42
132
97
129
198
32
138
59
233
198
19
55
129
112
74
232
24
76
46
192
67
198
158
229
247
161
141
89
101
71
180
189
81
208
133
144
172
127
172
30
157
21
246
155
32
70
103
250
140
232
99
71
174
64
18
77
178
238
75
136
218
102
228
8
131
165
187
115
52
62
203
249
71
139
51
178
52
119
249
205
101
137
70
219
115
225
44
7
201
70
72
35
78
191
146
162
143
156
190
88
203
227
163
38
172
55
177
223
226
69
251
3
150
108
12
13
136
52
220
131
17
198
77
102
161
13
83
205
128
3
59
70
3
206
227
37
146
230
108
15
24
118
38
139
100
127
27
34
150
189
98
6
160
187
196
202
122
158
77
201
48
33
118
237
90
126
40
183
12
34
255
121
116
235
127
201
223
186
216
110
73
51
231
31
111
206
193
115
211
218
108
29
77
119
101
112
244
102
182
74
49
30
197
70
104
212
75
107
192
205
202
181
225
126
47
135
199
198
172
219
62
45
205
111
52
59
196
169
97
234
164
55
236
49
191
69
1
236
199
72
169
65
160
245
102
69
28
75
60
58
135
44
137
58
120
113
76
32
9
185
47
106
126
94
225
219
91
213
226
252
167
204
44
24
81
148
101
168
5
251
141
158
234
248
182
22
193
95
198
202
125
19
223
72
148
252
88
209
39
17
12
211
27
175
35
234
165
101
243
79
176
137
15
106
43
57
20
179
75
239
5
67
80
95
126
225
64
226
85
15
129
205
60
227
54
40
123
251
45
103
209
178
167
18
143
104
112
228
249
186
41
205
136
251
218
91
60
111
154
150
254
140
184
163
30
195
90
114
47
103
58
169
219
128
12
228
132
35
138
115
179
20
71
29
153
80
112
166
74
220
113
32
125
60
96
112
191
110
56
95
50
100
63
148
32
154
31
11
110
199
0
234
142
87
206
55
5
239
8
39
9
46
64
204
119
227
215
131
248
95
75
203
218
67
80
86
14
121
73
148
173
155
183
227
58
250
226
26
206
225
164
111
195
212
132
167
49
131
241
50
70
182
100
76
33
14
10
85
177
96
2
104
113
171
95
254
22
158
133
172
117
254
176
46
233
78
247
176
69
202
248
97
185
133
164
165
181
119
59
49
77
70
40
100
115
205
134
200
243
234
46
226
154
207
203
89
70
133
15
91
6
92
16
178
69
244
242
159
237
129
227
62
204
140
221
225
196
231
196
190
243
36
197
93
146
196
158
240
37
196
7
198
3
163
168
169
166
215
237
208
180
114
2
62
157
51
14
244
226
226
143
5
59
160
246
137
17
247
6
245
246
94
55
116
101
253
62
120
229
50
182
123
14
175
204
120
160
121
108
116
167
212
148
23
248
43
118
212
80
183
247
29
13
149
9
72
203
189
17
54
223
27
117
206
147
45
120
47
73
76
70
16
14
89
6
80
132
148
43
70
111
232
96
174
152
221
203
54
143
141
176
119
180
246
21
161
191
160
197
78
244
191
91
149
73
241
142
170
106
184
98
182
190
238
100
170
76
180
160
33
75
246
199
197
148
87
31
97
39
157
44
235
88
6
23
234
247
169
49
201
127
110
44
202
19
69
86
168
162
44
2
190
151
114
120
121
242
154
139
113
136
70
15
132
203
21
181
124
208
68
146
68
178
20
129
198
173
101
153
240
19
153
108
213
91
235
151
105
208
207
84
172
248
36
106
254
49
179
92
48
172
102
67
34
249
78
6
202
157
215
247
181
137
221
253
2
211
80
238
37
152
46
112
96
154
153
101
95
207
128
109
242
15
47
97
64
165
141
188
154
111
179
95
59
195
9
169
26
112
73
167
46
201
243
46
184
99
19
238
242
235
140
249
180
73
44
134
88
192
10
33
44
35
63
156
218
223
149
29
4
202
76
28
72
121
165
3
227
192
125
175
227
62
196
96
39
123
77
68
192
109
205
204
77
217
31
159
254
67
93
160
31
214
235
2
160
219
250
102
79
196
133
95
144
104
103
212
139
24
81
223
243
207
204
213
204
19
57
156
8
216
228
167
135
89
42
252
240
250
21
249
251
73
79
136
228
30
210
107
246
75
164
85
20
116
255
130
152
19
121
247
28
242
46
131
95
197
171
37
131
254
237
227
218
226
164
128
125
21
248
185
153
221
223
226
231
100
216
19
216
1
73
134
133
199
16
132
5
78
26
95
163
80
202
27
150
90
89
20
178
95
76
4
3
78
76
195
112
169
55
218
65
7
67
33
155
29
79
21
88
3
90
122
99
14
112
13
53
196
229
28
221
153
3
204
187
15
26
87
140
15
206
206
62
1
246
64
196
39
46
133
138
190
16
140
229
148
14
125
217
29
193
165
5
201
129
63
10
189
139
83
149
117
7
210
67
50
208
125
130
69
23
181
219
254
193
221
16
207
197
178
211
205
212
224
10
246
181
136
55
3
68
188
223
219
253
244
30
90
53
179
201
133
79
103
150
192
250
229
214
47
150
234
205
72
69
146
139
230
201
112
171
205
184
70
19
236
62
209
185
162
17
24
120
33
169
181
223
50
34
96
7
52
254
171
156
209
178
171
100
225
199
87
63
57
169
132
39
187
198
145
242
9
246
144
17
155
87
214
53
132
108
181
148
175
178
62
200
85
129
165
58
104
0
6
140
172
217
15
217
179
6
125
166
38
202
247
207
20
124
93
195
25
176
95
66
115
246
232
207
139
190
164
106
58
208
157
83
218
151
163
203
127
70
241
30
13
117
30
56
128
103
102
24
13
11
109
202
255
170
181
10
102
235
169
167
123
246
121
194
131
229
250
48
68
105
249
186
47
225
13
151
213
172
116
110
129
149
41
254
148
202
163
65
41
166
160
240
206
161
135
114
185
152
41
101
101
88
91
66
21
169
184
203
27
127
20
207
138
150
142
101
74
223
88
15
230
216
184
171
146
221
238
144
68
17
176
69
88
137
105
130
158
146
99
250
250
10
136
207
95
213
66
18
46
68
254
14
233
122
159
99
211
89
193
47
187
125
162
215
143
15
110
31
221
63
48
88
41
176
106
250
53
72
10
25
81
221
242
181
204
139
207
81
116
254
130
232
75
103
209
207
113
240
26
160
241
199
173
58
219
149
36
163
132
44
249
136
38
30
192
17
9
169
109
169
183
4
35
3
255
242
141
223
43
253
75
137
235
18
156
245
249
136
181
139
65
166
240
231
117
215
136
50
122
64
253
156
42
23
247
174
128
20
32
144
165
7
48
106
213
166
232
243
102
241
49
139
160
18
249
153
76
184
25
14
47
147
133
131
251
44
150
156
90
89
28
165
194
137
110
128
248
112
151
150
198
184
22
174
74
71
139
236
91
208
17
120
235
198
173
89
118
165
99
17
100
230
199
115
65
155
158
50
13
69
137
102
196
244
55
93
211
166
110
46
235
192
24
69
142
164
133
233
39
180
132
19
251
135
248
109
51
84
97
81
215
174
85
197
167
9
199
250
254
253
80
41
180
92
98
205
164
18
72
241
152
181
172
16
198
250
213
7
176
6
198
243
249
135
151
233
3
166
106
31
118
32
66
241
214
100
219
104
245
52
1
160
132
198
125
166
147
0
209
185
100
148
170
180
192
72
148
231
31
93
115
143
36
211
102
83
176
143
170
83
9
135
226
202
193
7
176
166
196
104
72
239
168
216
232
158
107
74
249
41
16
89
214
35
210
252
239
42
34
137
9
167
176
15
232
86
41
236
137
114
169
227
110
84
28
102
3
33
218
137
7
56
106
27
139
7
208
39
32
254
218
20
39
46
33
81
50
218
242
67
32
169
119
106
134
248
0
60
201
253
67
96
5
135
184
152
189
18
50
220
59
193
166
239
162
39
238
82
114
141
201
134
139
187
12
156
12
53
58
25
106
50
189
211
115
5
163
163
42
98
83
166
165
163
135
41
67
212
27
244
112
168
144
47
207
243
169
56
42
18
179
207
148
141
147
254
252
130
239
57
7
150
68
170
108
77
55
198
162
163
11
156
3
228
228
67
181
132
251
115
188
72
156
86
76
214
135
198
211
232
111
1
144
4
35
111
135
34
123
51
133
242
235
146
122
190
236
34
250
247
93
64
219
114
188
16
182
182
247
208
100
22
80
8
211
76
45
101
10
77
31
216
135
8
187
45
245
13
233
89
81
168
230
176
4
91
40
26
22
161
237
169
211
81
81
214
219
40
194
166
177
206
64
112
244
199
45
230
59
14
68
232
242
78
145
71
16
132
231
243
116
236
82
30
39
44
4
215
193
112
197
47
84
38
192
18
202
89
148
9
100
242
225
209
106
88
22
239
76
81
133
217
46
79
73
196
104
64
89
49
146
162
190
124
32
3
75
90
193
1
58
247
117
121
10
249
48
216
254
104
176
29
123
19
173
65
11
146
86
236
85
76
56
6
102
26
235
113
124
159
74
52
110
172
214
185
131
33
161
36
179
231
68
139
130
40
239
197
42
241
205
199
133
9
208
13
139
130
109
203
99
85
74
92
255
134
164
72
61
155
52
14
52
220
1
107
125
205
144
20
186
213
154
180
242
158
106
147
13
176
69
144
55
47
253
170
193
59
193
255
204
18
159
149
174
6
214
4
189
202
134
196
251
134
198
141
25
254
104
149
133
176
35
231
222
79
38
25
22
212
190
178
202
24
205
194
242
105
85
37
101
202
2
254
29
26
136
89
87
169
175
195
136
28
71
71
190
116
9
135
162
113
50
159
84
73
251
77
185
122
82
150
216
138
53
212
17
123
97
123
127
83
54
220
255
179
225
124
121
167
6
156
149
176
11
253
47
148
210
235
253
16
115
157
252
19
125
43
62
117
54
97
159
136
50
172
220
143
99
40
137
200
173
214
234
246
121
7
140
50
27
0
52
50
144
208
106
57
28
220
2
233
116
101
95
107
137
209
228
88
179
79
3
53
205
229
50
24
27
135
131
85
44
5
37
15
112
13
107
141
189
168
94
47
70
159
176
201
149
165
101
34
35
229
159
176
75
146
181
11
103
228
168
129
185
9
91
121
168
222
165
201
192
120
79
76
108
255
122
239
48
34
245
191
170
72
203
163
111
202
13
211
193
98
254
226
136
78
194
101
134
211
74
74
84
41
92
132
46
225
109
253
167
102
43
92
59
102
227
83
65
104
124
237
248
15
99
156
70
191
34
137
173
71
14
163
177
23
175
108
173
222
118
75
178
239
27
4
115
116
210
25
135
52
165
255
133
22
27
169
231
52
55
133
174
103
184
49
215
253
127
122
197
238
131
206
96
212
149
50
125
112
30
116
12
251
114
150
165
81
198
103
189
184
235
249
244
111
40
140
166
207
148
80
136
153
222
135
151
98
206
12
178
240
33
201
8
164
201
196
122
160
76
110
154
77
18
164
90
95
173
220
224
11
221
248
222
141
99
214
253
143
242
155
132
163
87
174
108
47
208
137
213
111
0
52
42
181
14
189
201
36
11
128
21
161
6
55
32
247
20
52
54
115
25
31
76
61
50
128
65
187
46
12
90
38
80
219
105
21
214
84
70
212
180
184
61
189
88
165
160
200
183
73
26
78
41
183
129
191
28
194
215
73
157
189
204
186
112
123
248
115
34
187
116
124
6
0
66
134
56
65
43
61
221
142
117
61
34
104
18
127
190
253
185
158
61
212
110
127
120
12
138
29
210
160
201
173
128
72
1
18
117
3
161
176
119
55
253
62
188
239
97
201
100
45
255
198
70
93
109
121
52
247
58
166
171
111
67
15
182
9
111
164
3
86
174
7
167
209
223
46
56
116
31
162
126
168
122
35
203
251
88
0
234
23
115
129
76
9
177
10
199
35
236
189
193
30
27
101
67
9
138
157
254
238
19
32
71
162
146
194
108
174
82
5
59
161
157
197
104
142
106
222
46
136
222
180
212
19
134
20
17
47
131
127
45
128
120
147
148
37
183
132
32
241
53
207
54
16
52
61
158
241
108
124
212
58
56
255
56
123
142
116
217
227
175
95
176
89
154
141
154
253
30
52
98
106
15
211
235
24
67
93
43
19
247
145
86
184
74
21
179
183
36
234
69
123
79
166
141
101
0
234
172
43
236
66
142
159
253
200
195
74
201
253
180
53
44
247
100
62
73
191
254
178
101
180
171
41
113
18
232
219
142
45
29
35
103
229
37
16
71
119
8
178
33
216
210
72
241
65
183
191
162
32
53
20
145
110
13
206
200
88
73
117
106
174
99
133
147
179
163
42
36
204
218
44
109
229
203
96
57
53
102
96
77
79
187
1
172
42
122
187
115
40
234
135
165
206
30
68
154
168
25
105
139
155
150
116
1
227
156
101
181
46
130
205
157
191
54
201
52
186
41
66
198
15
207
73
210
192
72
18
203
0
83
75
184
130
44
113
139
160
13
122
120
231
125
21
219
118
179
205
18
19
87
117
49
70
72
2
174
96
94
84
237
77
22
127
219
161
251
67
47
134
126
253
196
254
18
20
47
68
46
85
95
146
33
253
1
110
197
245
8
199
166
127
164
243
99
125
56
216
6
45
87
135
166
81
211
68
77
182
8
107
52
218
104
180
72
65
80
61
105
60
130
152
229
180
213
224
45
53
171
234
116
220
51
90
191
171
167
105
216
239
18
175
152
17
64
136
34
149
50
237
141
224
166
178
226
83
96
102
134
111
68
208
68
208
118
32
105
80
137
123
86
87
104
244
97
1
160
235
75
61
201
147
209
236
149
155
102
107
11
86
14
194
162
183
197
165
88
16
229
59
185
185
89
142
143
178
47
115
18
35
24
217
150
56
184
154
121
166
20
37
231
27
105
252
252
49
253
190
245
65
79
5
137
8
12
32
191
11
12
99
73
73
187
196
130
170
202
121
77
31
74
151
172
126
222
32
86
152
45
148
51
125
72
40
204
212
152
3
206
155
78
196
141
124
127
3
146
73
183
7
103
56
194
6
92
106
82
244
118
193
217
217
202
51
163
189
164
183
233
70
140
22
98
66
213
166
193
126
110
