214
53
190
215
119
248
4
243
191
156
217
87
166
125
112
80
250
75
130
223
221
111
53
182
108
140
116
42
16
199
127
3
180
187
167
109
60
207
233
160
128
173
241
132
237
59
75
168
158
134
55
111
147
0
181
225
135
81
30
177
17
6
129
102
207
156
176
184
93
221
68
132
11
129
31
52
164
37
39
70
189
191
105
232
76
167
233
127
100
111
164
119
241
2
147
64
183
56
1
33
43
15
215
153
18
39
91
20
27
197
131
50
224
130
81
114
95
40
214
48
60
77
201
169
217
146
99
8
170
117
94
149
21
49
85
40
169
190
43
4
139
193
165
79
69
170
28
36
50
70
16
138
175
100
171
53
123
110
167
154
52
169
73
50
18
84
12
144
194
128
137
2
3
213
35
52
185
108
134
121
20
30
99
226
35
130
112
241
246
202
5
12
41
128
135
224
74
136
78
204
220
39
204
64
68
38
67
68
20
182
76
126
204
156
252
72
160
112
251
172
66
161
174
66
161
146
55
96
94
5
241
53
159
79
114
20
8
60
132
99
253
81
219
232
56
121
79
97
50
204
36
94
182
130
107
28
137
164
27
74
33
90
114
87
74
38
55
135
185
23
158
151
67
47
131
204
167
42
229
184
252
42
255
73
184
42
123
230
215
238
187
231
114
80
66
45
16
187
176
221
184
20
213
68
75
173
236
116
199
202
133
56
2
244
211
17
21
146
153
148
111
200
99
134
65
161
243
106
56
210
89
110
193
51
106
55
177
103
92
28
183
140
50
124
55
201
51
152
244
49
182
131
208
206
202
153
247
130
142
204
104
149
247
24
166
245
42
226
111
9
198
21
116
230
54
104
11
250
117
125
137
78
151
177
9
125
157
45
40
238
115
86
50
214
234
52
98
234
121
32
206
220
16
167
25
211
88
185
219
166
43
11
55
40
137
130
194
209
179
106
13
224
255
148
225
57
244
73
118
71
111
17
232
163
173
125
13
69
56
122
159
145
158
94
170
159
227
23
136
72
78
197
107
186
245
122
254
204
161
184
3
186
239
188
85
8
220
141
248
206
9
194
85
141
58
108
103
240
126
155
186
61
189
151
140
164
239
33
1
188
57
6
32
85
173
153
168
44
163
254
210
66
124
42
57
127
2
25
125
90
253
40
108
191
188
141
5
116
201
5
153
44
222
158
90
65
206
121
86
212
66
232
30
192
83
130
39
49
92
163
147
25
20
155
227
16
141
240
163
126
18
221
209
36
48
247
217
217
92
211
255
157
6
90
220
151
68
150
103
79
131
202
15
109
78
55
172
221
37
109
253
140
178
127
9
58
54
252
57
67
144
130
175
230
131
123
117
53
64
120
100
39
213
114
131
240
167
54
200
183
103
116
230
147
18
104
99
79
59
250
129
115
35
56
109
88
64
204
222
142
166
100
150
132
174
79
123
6
62
236
181
168
200
66
242
104
177
230
242
113
144
59
149
202
116
52
63
144
20
69
235
84
98
13
20
77
84
117
251
72
183
195
249
35
2
123
183
47
217
67
214
76
33
5
201
195
126
24
104
73
143
59
181
120
200
98
35
142
73
35
181
235
197
152
93
106
28
39
226
147
235
100
218
63
53
232
0
61
229
131
49
205
45
78
254
224
89
170
239
35
81
123
110
166
176
161
157
94
245
215
48
217
66
75
9
76
138
160
10
71
98
206
156
213
174
159
171
12
43
42
64
79
162
247
45
58
6
18
55
69
21
108
208
46
175
23
165
44
55
250
95
255
103
28
10
222
70
33
217
92
82
56
192
158
255
30
115
3
92
26
207
45
22
130
190
105
69
123
40
108
22
49
23
8
137
135
139
128
68
134
155
53
15
118
61
203
237
234
37
224
12
247
250
58
44
130
155
215
50
197
155
205
77
219
170
248
160
60
219
96
144
13
55
91
66
85
244
211
140
220
72
162
242
23
215
24
228
239
113
62
253
142
31
221
18
79
133
124
146
46
238
26
73
45
148
22
74
224
168
104
52
99
117
151
67
190
80
30
240
163
72
176
198
4
110
243
22
51
141
165
101
161
149
103
113
37
25
193
246
154
14
119
183
67
13
241
175
80
239
114
186
206
182
39
192
158
60
30
29
45
252
226
22
153
90
154
66
71
135
175
235
231
113
0
180
114
179
32
92
0
197
18
183
122
14
209
117
209
75
104
130
126
35
92
206
145
8
37
126
209
142
208
138
185
124
45
234
125
125
124
172
95
126
101
85
138
119
200
43
68
12
165
45
19
202
43
89
44
35
38
235
44
228
92
177
229
69
28
43
147
220
241
171
64
233
104
24
30
83
132
253
235
135
110
206
122
194
32
174
51
222
169
165
4
173
56
113
74
67
155
112
21
237
150
105
180
66
80
89
213
164
66
104
238
213
23
207
123
105
134
36
90
115
134
27
41
173
187
232
238
222
115
213
93
60
25
23
219
222
255
243
206
87
237
32
135
152
23
106
9
251
74
46
172
117
61
233
79
254
163
159
96
202
93
203
209
239
97
89
233
222
17
172
101
204
70
112
50
223
194
47
238
251
126
129
94
78
203
208
134
165
30
185
61
62
184
208
69
197
228
22
209
235
113
96
117
112
116
81
41
193
198
137
237
74
103
73
135
92
25
201
189
117
117
225
15
115
48
168
37
81
140
189
15
184
3
190
142
118
120
14
214
203
217
149
164
6
18
146
42
62
144
94
2
145
117
241
29
18
25
157
92
205
16
219
113
232
233
67
228
198
26
163
170
44
200
237
59
98
236
49
24
154
13
219
58
162
122
14
128
99
11
196
83
174
234
239
79
117
196
25
92
60
233
120
179
160
30
240
45
170
67
221
253
80
249
62
88
252
61
30
151
229
142
151
223
134
16
157
237
181
159
79
67
86
102
174
202
248
144
185
93
117
117
235
54
198
228
136
169
33
40
45
8
149
238
79
246
232
53
36
238
42
60
180
129
57
22
54
54
164
153
178
114
144
241
9
85
174
190
136
98
218
219
112
88
195
106
54
152
136
168
35
254
206
77
169
202
58
241
201
53
221
113
209
125
234
9
89
4
60
101
244
208
66
54
121
252
23
94
14
67
76
29
32
253
99
187
173
236
21
165
41
201
140
218
71
115
172
38
25
120
2
225
221
231
142
230
61
157
83
172
153
131
27
117
166
167
131
32
173
8
211
86
242
146
59
33
66
19
84
202
219
117
102
60
73
136
202
229
144
186
200
65
107
122
157
243
79
93
42
145
105
108
84
186
192
184
34
118
178
157
137
179
120
86
47
25
194
54
20
100
132
81
59
11
79
170
248
245
14
99
101
197
111
58
181
218
196
124
128
0
141
92
106
105
249
183
203
205
21
114
75
90
165
140
139
83
135
169
158
155
114
147
188
15
175
177
159
124
254
240
141
192
12
153
184
10
220
29
225
20
159
167
91
83
185
169
7
72
151
181
210
147
222
230
140
85
168
197
0
175
193
75
30
159
37
165
109
255
66
34
233
38
167
133
183
22
178
75
210
153
50
202
90
169
217
52
168
190
168
24
100
244
121
4
156
18
227
143
85
80
34
178
99
10
171
92
193
163
238
7
251
245
79
214
140
154
119
0
70
191
89
17
114
211
11
122
210
135
167
165
130
217
89
99
20
4
60
166
47
78
248
70
211
91
162
134
240
168
100
85
207
116
135
249
86
214
175
105
23
160
10
53
240
146
6
186
92
79
83
226
77
7
191
43
34
99
16
90
149
30
195
156
54
165
238
158
70
70
116
151
165
29
247
64
167
130
124
109
199
3
16
140
84
215
107
188
158
151
158
48
177
239
126
187
47
43
125
102
176
157
184
104
222
16
88
204
193
28
109
94
22
165
32
30
150
46
4
132
27
153
203
102
212
154
226
69
146
14
210
158
181
82
30
216
210
94
158
71
40
32
174
189
229
0
187
91
86
126
104
93
250
1
11
139
84
241
194
16
143
193
210
34
83
52
190
77
35
130
17
157
181
136
49
157
58
171
217
90
253
74
212
151
33
20
122
156
236
215
116
61
206
190
106
91
11
124
47
245
194
154
180
198
174
142
4
226
233
19
239
104
151
79
25
110
206
52
202
119
16
168
43
32
62
123
88
248
241
207
235
247
217
201
58
74
214
176
11
131
216
247
169
33
0
148
189
20
176
150
35
121
243
202
133
168
136
99
181
234
80
31
80
181
20
248
89
195
51
62
120
126
156
108
134
228
41
94
191
148
114
152
22
24
221
95
235
106
160
84
207
105
122
32
182
86
145
51
214
215
94
190
130
43
159
95
195
62
247
43
196
223
253
207
162
85
90
5
157
2
21
209
50
132
235
29
56
28
205
249
193
211
57
85
113
247
106
125
215
173
213
26
225
19
29
181
219
6
214
48
192
26
64
24
12
112
216
9
219
73
202
6
60
111
136
200
35
41
109
11
47
250
74
52
136
162
132
46
68
21
150
202
116
194
165
55
223
86
219
51
47
157
131
5
178
55
24
70
219
221
35
2
185
20
32
114
203
21
69
36
210
212
224
34
68
124
29
190
150
160
189
174
59
227
237
214
208
179
104
231
207
145
170
110
126
156
247
141
123
71
36
12
212
204
255
212
209
255
84
100
108
125
106
184
174
182
16
27
228
172
93
213
76
51
134
124
91
122
3
237
249
208
18
144
188
43
156
114
161
201
164
239
149
238
176
10
198
196
146
110
11
221
205
80
150
128
189
32
159
90
30
128
241
15
171
84
198
163
231
133
124
126
110
30
81
128
197
62
239
140
85
213
55
4
213
96
191
178
221
15
95
71
91
24
224
118
184
127
135
215
209
71
217
5
134
245
198
250
218
241
42
189
127
46
70
9
206
220
12
62
52
30
105
12
228
70
89
205
127
199
52
51
137
87
145
148
82
6
136
142
134
189
225
159
226
252
181
30
29
170
45
37
244
216
190
40
207
22
12
179
228
184
178
128
236
150
23
220
0
220
12
20
126
57
134
251
86
188
56
24
142
233
187
239
57
38
22
97
76
47
74
0
118
189
213
201
93
252
218
137
39
80
103
224
200
211
88
82
15
241
171
27
175
236
243
171
239
20
106
19
205
140
2
190
226
113
53
232
133
246
147
69
113
80
253
224
19
25
127
150
103
237
132
81
220
138
139
84
183
245
222
87
223
79
52
192
226
79
151
118
140
166
73
144
205
2
113
19
254
81
43
178
71
126
206
144
170
21
105
149
122
44
23
10
157
247
23
78
196
125
248
38
223
82
198
70
60
127
81
218
218
60
97
138
220
84
184
11
96
146
24
196
187
62
158
209
131
215
177
37
90
150
116
69
105
248
248
170
236
62
71
227
21
113
209
33
8
245
188
5
248
203
76
250
164
210
134
223
234
162
181
5
194
71
173
109
187
93
110
31
199
123
148
198
130
223
16
217
107
68
86
14
89
84
44
97
88
50
229
65
34
151
202
42
247
163
109
173
204
254
72
79
1
117
101
208
78
247
0
117
90
217
176
199
99
176
80
9
146
206
211
0
9
65
186
135
103
18
243
44
69
100
137
74
97
57
46
83
100
70
58
209
195
105
139
192
109
24
122
57
115
5
141
205
81
206
203
190
48
10
196
159
46
25
7
215
106
8
208
50
194
163
14
45
101
94
189
208
192
45
174
244
18
84
141
78
140
154
188
105
217
104
94
177
30
119
122
81
30
38
131
44
12
175
53
96
98
169
12
147
182
244
12
224
68
67
121
38
33
25
70
86
104
206
50
30
11
182
9
248
15
207
12
16
213
228
81
133
95
160
48
65
139
50
34
108
240
182
83
236
217
255
128
65
172
185
6
189
245
234
219
119
198
127
122
212
193
31
115
106
43
35
193
80
216
70
177
60
170
44
240
150
132
110
16
74
106
221
82
2
208
51
13
80
210
112
147
193
38
140
1
199
150
70
215
228
185
211
45
208
249
22
230
199
186
248
213
107
155
248
14
192
64
190
138
156
188
50
50
208
65
138
37
164
19
124
195
142
211
118
218
181
172
145
148
33
107
167
98
170
207
46
26
43
127
17
88
197
3
40
38
1
201
190
68
208
52
175
165
243
226
67
102
225
62
137
112
236
232
197
119
43
218
249
239
62
48
10
48
13
135
145
84
187
117
225
35
213
190
96
165
104
245
20
76
127
241
164
84
146
133
72
40
219
107
76
26
134
156
242
71
62
74
169
149
133
39
96
179
109
58
85
246
66
176
65
49
12
134
8
191
233
171
174
127
81
176
87
130
142
8
38
247
132
65
18
122
242
129
51
40
134
190
40
159
129
208
40
192
45
208
235
214
248
222
191
250
219
225
175
229
167
74
225
102
141
8
52
216
129
174
111
86
71
169
171
82
68
179
162
150
8
41
179
47
132
221
209
136
28
233
208
37
245
153
58
50
52
20
182
84
82
11
235
59
95
132
11
10
66
252
146
209
105
205
238
70
118
209
29
177
52
97
139
195
119
251
122
157
177
134
120
196
15
55
236
252
234
115
121
41
23
110
102
132
139
55
174
152
11
167
213
85
61
129
147
121
184
100
127
228
232
96
30
19
214
211
159
69
25
227
41
93
168
125
78
12
249
56
199
7
88
70
110
6
127
233
108
85
242
50
238
104
152
79
2
85
0
71
52
60
111
110
137
230
89
182
123
18
218
209
224
93
168
97
98
65
152
152
43
162
7
154
23
57
189
94
239
28
130
249
233
129
226
27
87
160
208
191
138
65
247
186
130
154
145
72
69
30
169
202
239
72
101
14
166
17
66
205
123
248
8
19
114
180
28
37
66
38
151
85
249
110
82
30
57
240
165
224
85
64
247
116
129
179
78
114
92
38
179
202
182
121
63
53
105
1
111
12
96
152
161
81
66
67
83
150
85
214
74
101
62
92
102
104
116
222
196
164
145
123
24
4
210
146
138
53
44
146
184
246
125
176
241
231
16
229
85
183
245
240
237
146
95
227
66
180
214
170
15
214
85
236
93
69
121
92
233
87
165
222
15
189
110
59
200
204
112
97
3
238
80
218
186
65
156
105
223
93
80
181
232
14
1
139
34
61
244
70
209
93
3
163
84
22
193
57
170
7
9
189
55
206
60
224
85
172
129
117
231
20
247
195
38
86
111
28
202
243
229
32
144
112
56
168
120
6
249
142
224
159
103
138
156
216
49
24
139
85
234
237
52
109
124
20
122
182
147
207
105
36
82
109
223
206
249
91
16
43
101
132
57
224
50
18
148
54
110
82
37
69
16
57
82
242
34
30
177
206
252
200
131
172
220
83
213
236
78
11
164
103
108
209
50
44
62
63
189
222
206
229
75
208
179
65
56
67
14
144
162
92
213
201
14
252
47
54
11
151
100
13
106
78
71
241
208
102
33
97
107
119
25
33
33
101
96
90
78
242
51
213
44
159
236
132
229
15
184
113
79
56
29
33
164
234
38
29
59
184
199
130
178
142
71
46
106
118
39
130
0
127
248
30
101
190
73
226
28
136
136
99
65
236
96
176
84
81
193
154
98
25
149
196
103
239
147
162
60
39
158
207
203
129
87
157
191
84
144
105
216
38
234
115
240
97
208
198
129
130
140
20
73
189
28
2
245
47
20
40
164
65
133
249
11
45
22
51
158
75
149
19
76
55
37
252
47
153
35
246
169
206
166
150
201
66
24
129
235
155
132
214
102
49
82
212
9
12
116
218
213
22
254
52
36
230
189
89
18
172
170
108
104
165
81
84
12
199
1
51
157
253
64
45
167
58
78
203
247
75
17
232
116
240
216
11
129
106
243
0
159
150
207
192
99
202
221
179
134
145
151
12
5
105
60
62
129
228
113
47
198
65
173
54
152
197
24
41
244
214
177
49
31
138
5
4
10
114
199
6
230
94
3
117
163
29
131
17
37
57
93
198
92
126
137
125
138
242
10
178
180
232
22
174
160
116
49
28
102
229
71
17
74
241
120
128
138
3
249
153
152
131
197
145
64
226
126
205
114
117
182
191
192
205
55
8
204
56
184
15
43
151
249
154
146
107
86
239
120
103
20
85
164
91
214
164
239
182
242
94
199
145
7
60
87
50
99
110
6
249
167
20
90
143
78
20
46
251
6
24
38
228
75
35
210
155
3
36
213
118
178
243
130
99
18
18
52
97
50
130
165
15
181
173
13
168
72
103
166
221
54
222
190
238
109
149
226
103
122
163
77
48
60
166
79
17
182
251
228
96
143
110
120
146
70
235
188
221
59
2
142
138
230
195
180
30
126
203
62
125
67
174
142
58
21
99
98
16
43
120
120
252
11
131
201
181
212
153
16
170
173
88
76
221
196
74
234
208
22
239
94
112
74
167
35
192
33
112
239
78
33
78
254
82
39
103
241
26
114
88
245
97
81
187
117
62
148
27
233
89
23
241
180
143
19
42
238
109
249
67
173
72
227
211
35
204
241
184
24
71
196
139
184
42
60
78
245
164
157
125
115
95
51
129
191
81
81
176
132
190
150
31
2
104
201
3
86
81
113
68
140
242
198
9
64
58
59
81
231
109
0
57
47
70
248
136
204
101
75
9
172
124
220
43
200
99
27
199
44
208
159
119
219
245
221
134
11
63
77
75
206
84
228
165
116
154
252
58
215
236
149
77
23
202
253
247
67
90
124
35
90
178
6
207
250
89
200
20
195
46
172
141
165
89
96
216
167
46
71
151
117
6
112
217
92
37
27
122
49
105
146
36
90
191
15
210
135
207
58
1
191
147
96
91
235
158
78
254
124
17
151
8
49
88
244
230
41
96
251
134
103
232
176
117
164
44
122
61
245
134
198
141
190
141
233
148
218
233
28
13
43
36
46
110
9
179
44
243
11
214
213
123
196
190
232
46
249
63
243
89
42
146
168
251
57
191
185
126
213
144
150
130
63
156
95
241
27
184
8
163
56
124
180
83
104
116
103
244
73
131
153
210
146
169
43
184
45
198
162
99
1
48
85
215
190
241
87
109
17
136
202
232
140
48
113
137
164
76
116
93
90
139
218
70
24
254
25
32
27
222
239
47
150
163
87
137
112
91
148
4
185
128
49
169
236
158
196
242
154
52
12
168
207
204
93
124
209
13
230
40
6
113
148
169
118
109
204
143
211
202
72
117
111
82
211
211
237
105
37
146
100
187
102
254
125
170
192
129
58
7
49
131
241
185
237
131
224
48
40
181
214
98
64
84
110
31
248
53
85
72
84
227
14
222
14
237
186
19
0
185
203
22
83
139
248
218
64
169
69
90
85
20
153
73
93
214
19
39
102
212
207
185
198
117
229
72
247
191
228
32
3
237
95
35
122
98
18
253
62
210
252
83
208
213
52
172
48
205
247
220
53
182
205
105
23
23
111
214
252
226
67
219
5
109
242
155
15
74
82
241
146
165
242
40
27
222
57
178
123
64
147
83
108
108
115
144
192
7
160
35
144
213
241
22
161
251
155
16
3
141
120
194
216
200
185
166
101
75
117
187
144
14
255
255
100
15
47
175
0
175
157
148
53
173
52
69
132
72
144
31
83
8
125
184
158
118
191
114
162
253
64
136
87
181
163
21
165
91
71
127
122
79
154
67
141
209
10
197
131
91
58
123
101
157
172
116
218
115
168
245
158
70
213
227
6
139
103
98
157
206
95
44
215
18
215
197
80
124
116
124
37
160
255
76
155
182
10
253
8
88
137
177
109
118
172
111
217
181
39
127
107
86
78
49
35
143
192
242
5
237
242
9
142
24
4
17
216
193
21
156
143
185
217
169
4
190
80
12
79
43
128
76
96
147
163
19
2
176
39
205
25
130
234
11
87
122
8
61
94
64
105
26
188
148
204
173
79
150
247
209
187
134
19
224
85
129
57
194
118
195
23
108
61
158
12
96
71
206
45
91
19
238
188
47
42
175
98
33
110
95
234
143
176
162
195
161
162
254
179
102
12
75
80
159
145
174
254
7
73
20
104
98
198
127
116
171
82
78
70
215
170
242
18
96
234
27
109
98
161
174
158
194
85
250
193
58
70
225
118
23
156
51
173
202
206
6
182
85
107
72
209
61
214
236
57
115
133
115
224
94
71
65
96
194
122
70
70
126
59
170
247
159
36
237
182
250
31
29
80
47
154
28
54
65
32
172
186
81
210
218
150
66
123
118
133
184
241
252
149
182
152
76
196
27
248
7
187
250
184
65
86
230
3
100
62
69
249
59
95
147
134
216
61
38
59
136
226
124
24
106
103
1
245
208
166
131
131
110
118
165
52
107
71
125
66
65
250
35
46
219
165
98
81
25
33
6
44
25
149
84
180
227
129
191
144
118
55
154
98
23
134
207
90
114
234
73
119
83
164
190
62
255
225
49
116
43
180
83
145
145
170
255
205
60
214
102
40
150
169
56
37
98
82
184
53
109
74
173
241
139
27
239
56
221
41
168
112
66
171
14
94
119
243
197
38
65
29
60
56
195
66
51
187
14
134
221
140
108
35
109
122
76
153
212
254
35
248
146
148
165
129
192
247
41
172
40
172
11
29
23
7
37
98
207
121
101
239
145
46
8
27
51
12
251
11
153
164
67
248
118
39
200
246
194
31
144
133
84
30
127
109
231
153
141
229
99
130
246
226
170
50
38
14
11
64
120
4
82
81
46
150
103
130
169
22
12
208
185
122
211
122
230
102
212
247
141
77
16
90
16
93
78
168
160
23
218
237
113
41
44
194
25
221
162
120
225
97
115
197
55
25
11
137
4
132
53
149
53
206
98
208
24
95
58
200
239
235
22
74
170
221
62
87
197
166
26
50
163
241
35
47
170
22
223
17
172
90
172
112
213
233
90
71
252
128
38
176
18
72
204
14
61
22
44
136
61
80
253
76
66
63
65
140
172
82
224
208
192
156
197
191
91
140
142
160
17
113
191
205
4
160
51
186
75
32
49
5
110
130
72
159
69
239
55
147
237
141
87
102
37
187
70
139
103
249
54
141
118
221
93
96
55
108
133
127
179
209
164
118
206
137
211
233
2
227
14
13
4
191
45
246
32
60
197
144
250
254
10
183
131
80
4
144
7
61
167
224
81
254
157
190
179
173
150
137
69
159
164
2
166
187
148
7
15
28
40
235
32
235
3
190
12
247
82
121
111
118
187
37
252
99
69
74
214
11
212
22
175
215
89
103
68
252
208
206
172
162
221
182
191
79
144
12
241
212
203
253
86
214
154
11
143
169
167
73
114
51
12
50
96
129
122
14
38
110
120
235
189
16
147
114
5
77
253
156
144
160
79
225
232
110
