44
39
44
191
14
254
46
34
117
251
62
17
156
220
250
143
49
134
92
99
198
32
72
91
196
43
191
86
22
188
225
42
10
236
233
121
117
115
39
29
74
208
216
90
26
144
176
153
61
199
141
179
194
190
75
22
135
75
156
150
173
127
43
120
215
183
255
203
193
240
217
120
218
218
27
16
173
169
196
202
4
49
147
173
159
151
18
189
101
11
123
179
64
35
12
105
144
243
146
180
35
65
85
205
58
40
93
165
85
175
254
139
73
93
17
227
151
23
146
250
60
46
198
136
44
29
144
117
140
14
190
79
119
239
196
199
178
111
3
26
80
61
0
80
0
173
30
12
119
136
98
4
122
94
41
71
244
114
204
80
164
177
212
157
168
62
142
43
115
109
123
56
250
27
186
86
10
167
29
96
121
86
178
168
122
179
92
55
12
70
56
205
133
232
70
124
211
5
13
141
187
187
24
238
2
93
187
250
93
36
200
29
171
225
35
162
129
186
90
167
59
194
116
52
140
232
235
45
146
83
120
39
134
96
248
208
103
202
44
255
181
169
111
95
190
137
75
82
153
10
200
11
230
148
21
242
22
136
127
61
172
255
142
45
239
21
242
86
48
163
149
143
204
241
171
109
150
143
4
197
106
199
41
117
106
211
221
55
217
82
192
57
162
172
149
114
164
173
33
19
252
94
179
128
242
7
249
30
142
121
157
34
220
250
6
184
125
173
120
26
98
28
243
202
83
64
13
165
28
181
119
184
98
222
196
146
132
194
210
107
186
106
231
241
228
143
104
182
184
76
6
21
240
45
201
4
45
241
179
36
126
181
140
158
6
87
84
49
117
130
175
123
209
21
219
243
79
59
157
176
18
39
116
51
122
170
234
154
253
65
5
45
42
131
79
225
65
22
34
35
138
24
210
139
69
225
127
209
2
83
103
24
221
41
116
61
62
37
38
135
225
74
43
188
219
96
9
45
103
16
254
133
181
103
174
42
21
247
75
85
214
228
204
177
58
199
95
58
39
124
48
116
8
119
14
175
42
197
174
88
52
33
250
54
162
13
18
103
76
161
69
226
150
187
238
93
107
130
220
54
152
232
135
161
193
124
189
121
25
61
195
49
106
211
239
137
107
55
196
188
