16
204
201
26
49
251
43
169
104
203
66
178
18
236
119
174
130
253
122
152
255
88
29
116
18
202
5
180
65
80
255
86
69
239
8
78
56
187
232
117
102
106
134
199
46
80
79
93
221
0
96
128
160
209
121
234
12
112
28
31
172
38
101
211
29
16
130
130
127
219
67
82
233
8
250
44
247
127
101
154
252
10
25
230
125
94
100
22
77
173
36
106
240
228
179
207
126
66
125
47
21
234
161
128
158
216
9
233
211
54
34
142
55
220
85
156
162
96
107
75
222
13
34
76
138
135
98
236
209
100
1
96
211
118
65
147
37
41
245
48
86
233
217
75
141
240
238
235
95
35
168
121
151
15
111
151
233
58
211
123
56
140
101
5
217
103
63
158
166
143
217
155
62
67
59
198
177
175
181
0
14
87
135
159
192
61
210
132
241
146
247
31
24
72
90
199
86
126
104
233
219
109
213
248
41
127
240
85
12
208
237
174
231
132
128
210
64
128
33
40
79
48
188
100
228
146
99
6
102
73
57
150
1
13
78
182
235
11
185
66
0
207
148
125
229
40
228
115
249
27
54
250
103
39
187
152
207
154
33
86
132
252
167
187
13
170
35
88
93
192
12
197
181
135
170
231
147
216
154
10
9
110
31
6
139
171
212
122
179
125
41
140
107
39
145
33
61
145
44
35
4
244
121
210
214
36
186
131
133
120
34
163
202
231
7
173
86
61
204
169
32
160
94
14
209
104
198
122
99
134
214
172
52
247
138
33
112
187
235
152
231
128
74
111
87
62
129
206
62
51
188
111
101
8
12
181
56
73
3
136
190
90
172
109
154
80
202
15
2
151
194
176
196
196
222
85
239
39
209
33
88
15
44
102
98
136
242
128
187
82
37
127
254
198
208
128
45
220
224
39
95
116
106
139
193
188
191
59
51
191
106
226
233
42
67
108
61
117
251
216
191
22
165
196
211
49
174
54
36
139
35
123
161
66
147
142
48
187
154
146
187
166
30
64
48
134
229
49
169
93
59
155
124
9
13
169
188
112
96
80
185
187
62
184
55
112
75
31
241
89
33
82
209
31
154
0
130
127
49
82
57
167
94
127
255
104
84
221
42
22
72
213
229
108
152
1
112
255
249
81
157
225
211
105
163
239
20
199
70
255
73
175
59
181
157
64
164
166
234
209
41
11
139
132
120
183
6
100
166
237
170
235
106
158
110
42
58
131
17
136
152
252
166
133
20
36
13
27
205
209
3
82
234
35
97
229
27
180
154
251
186
102
143
6
87
73
95
22
24
53
115
227
31
160
159
222
35
178
142
116
198
15
26
214
92
225
21
252
250
121
231
157
142
222
179
68
203
192
57
13
172
9
63
31
98
179
81
115
187
87
90
58
246
128
175
204
22
20
6
64
220
244
44
200
48
192
81
223
131
41
195
56
105
75
55
212
113
17
78
78
116
131
79
171
178
37
19
142
163
107
36
148
7
64
249
15
126
21
248
191
244
152
241
219
224
116
220
81
26
33
79
120
24
27
178
250
97
131
68
250
66
156
50
180
160
113
69
240
204
164
108
93
176
7
109
191
137
60
219
115
120
186
18
48
248
170
80
1
127
214
168
80
12
15
229
227
188
216
2
63
44
67
72
165
112
33
244
138
56
150
39
247
154
20
182
207
200
46
152
174
172
92
223
54
90
61
30
82
54
135
75
48
11
255
140
142
176
45
229
118
4
2
173
5
207
183
39
202
250
216
222
50
35
6
9
196
18
18
213
14
233
207
113
117
223
104
34
125
235
13
122
241
211
137
93
194
224
14
165
115
39
172
185
123
119
20
35
200
214
49
217
253
26
59
65
172
18
6
26
24
84
212
231
48
123
144
127
65
89
177
210
17
83
120
163
70
149
3
119
162
177
159
211
147
173
174
217
81
197
189
30
222
57
32
79
157
225
14
208
161
137
154
191
103
151
186
97
96
57
92
58
240
83
143
190
66
213
174
43
131
161
179
209
128
97
212
254
192
249
82
7
14
47
246
89
45
96
210
30
131
253
191
81
187
253
108
209
163
35
139
73
191
215
252
197
155
255
113
88
29
132
106
189
230
102
49
54
231
242
81
208
104
31
98
65
91
82
43
173
168
255
189
151
182
136
174
39
27
25
63
106
242
190
248
46
42
39
247
197
171
119
94
210
26
22
165
61
200
3
197
60
8
14
141
191
250
190
207
220
8
60
11
164
86
209
9
193
71
143
226
234
215
85
0
80
35
57
219
118
89
