233
216
87
217
211
75
148
249
253
132
89
134
240
206
15
101
185
254
183
20
73
47
219
191
64
100
227
176
119
147
116
95
245
89
194
64
189
95
9
128
244
105
142
164
242
5
196
209
252
176
20
118
118
161
241
226
223
57
204
156
117
65
234
194
154
136
80
113
108
153
119
37
223
122
110
134
85
68
238
234
90
188
29
146
157
71
119
31
43
216
13
114
72
31
189
242
6
66
201
101
139
134
45
89
36
149
91
208
250
94
143
123
86
58
186
98
46
186
64
13
57
197
124
34
227
72
63
240
98
20
144
3
4
140
165
226
46
65
127
56
238
228
96
112
124
51
221
199
157
159
169
137
58
60
245
163
192
113
34
40
13
234
224
47
54
149
179
146
149
11
110
198
44
249
54
94
81
143
119
1
127
150
127
48
169
37
55
18
232
155
100
116
40
246
86
24
198
185
202
155
241
213
54
109
208
159
20
254
251
243
36
237
48
105
223
240
212
206
68
135
172
108
51
209
82
77
43
38
13
255
113
205
43
29
184
13
106
175
107
77
110
253
131
29
129
45
2
236
158
183
128
112
76
207
220
191
48
60
100
158
13
15
80
227
114
177
78
134
41
152
92
51
65
245
95
220
104
246
245
83
239
72
11
243
44
207
34
18
92
183
12
181
113
163
9
27
34
143
98
173
38
77
139
10
133
170
87
225
255
160
193
16
200
132
200
102
76
35
160
25
205
208
224
28
255
118
145
49
62
47
131
82
86
115
58
89
82
168
213
134
101
0
19
25
167
249
92
77
44
169
168
150
49
121
106
106
7
90
247
136
217
18
181
27
123
97
239
0
234
249
251
122
20
230
17
139
222
10
100
203
70
31
245
77
83
188
158
19
247
10
154
207
64
99
10
22
85
195
176
239
123
131
5
133
173
179
21
134
84
80
109
65
41
17
221
30
33
14
156
197
98
154
209
201
114
94
248
242
167
7
69
245
241
92
129
4
212
212
67
155
90
210
126
173
88
21
131
203
154
5
140
43
57
51
158
173
236
47
249
125
216
198
223
243
120
108
206
113
207
190
177
58
23
117
8
152
17
252
107
97
217
138
2
182
36
98
27
40
23
15
119
241
226
168
155
222
111
53
38
84
6
52
187
127
208
117
49
100
110
226
85
98
164
53
153
55
195
239
113
34
193
149
168
245
198
59
249
94
243
217
6
194
137
100
230
147
185
93
68
72
161
220
139
81
1
99
198
240
237
12
173
240
54
197
84
221
95
114
193
122
190
38
115
255
114
180
252
68
64
7
54
187
246
215
71
141
225
70
99
253
168
1
172
125
43
15
176
50
94
75
217
37
64
31
40
145
211
8
37
235
248
102
232
51
81
88
15
122
53
78
58
139
209
87
236
185
58
16
48
79
139
143
117
21
159
134
65
55
223
41
59
253
166
68
190
156
208
125
209
99
130
251
4
241
24
80
31
8
235
69
155
108
73
183
19
34
211
37
212
184
103
238
96
175
223
104
73
22
55
123
221
247
230
52
52
64
117
230
100
225
31
186
226
46
24
47
0
13
106
148
63
75
139
145
171
126
109
46
126
236
104
44
228
73
142
172
27
206
50
169
1
80
103
72
21
67
45
37
95
74
140
36
147
74
34
29
196
178
60
196
198
176
137
195
192
254
71
117
79
124
81
229
109
1
134
253
14
47
80
59
21
91
142
239
232
179
27
99
125
201
120
66
64
113
107
129
136
151
36
33
116
99
138
43
82
115
204
204
243
2
157
230
238
193
116
115
171
23
2
34
105
183
7
222
21
202
63
70
204
173
11
128
252
130
193
49
185
83
212
178
36
173
212
252
18
88
48
50
121
190
156
247
28
155
149
65
79
55
171
151
31
61
23
203
90
114
162
204
28
151
29
243
251
199
206
92
195
202
42
92
213
26
197
232
245
255
168
198
162
25
152
82
83
129
158
226
59
247
159
159
50
38
112
169
97
167
145
241
230
145
145
109
211
168
22
176
4
41
121
146
152
7
103
112
86
173
186
96
104
59
189
97
2
65
86
63
2
150
192
94
86
37
235
237
125
192
49
249
242
90
43
199
38
188
180
137
91
109
227
65
225
13
65
153
71
48
216
144
10
247
199
201
46
60
43
2
155
95
87
174
26
165
82
87
108
96
230
196
243
5
192
213
174
160
31
77
73
162
67
255
203
220
162
184
251
229
46
111
151
57
213
178
31
237
112
56
93
67
147
53
133
32
145
100
59
167
72
167
122
247
88
158
146
35
174
253
169
149
201
63
196
36
35
190
243
35
45
25
34
75
236
239
207
181
16
123
25
105
129
105
46
25
96
240
187
133
147
131
54
150
231
230
191
234
160
72
69
111
99
4
83
157
237
11
9
238
25
82
103
5
1
39
65
139
31
27
104
184
222
73
60
136
122
228
213
66
231
104
18
206
228
11
68
119
118
169
70
96
254
193
98
11
165
116
12
242
50
157
74
132
68
47
164
233
100
201
183
156
16
108
6
221
43
15
206
1
160
26
14
186
182
205
249
108
101
222
201
174
6
174
195
115
188
83
110
71
18
252
148
144
2
30
50
247
88
7
226
105
46
160
7
62
19
71
168
134
14
98
85
49
16
82
142
82
62
28
50
127
109
156
194
64
52
119
2
67
156
239
178
23
112
212
244
234
210
87
134
200
53
155
207
42
52
161
65
7
201
249
144
204
206
108
48
36
117
230
138
119
125
33
160
15
43
34
253
185
243
67
221
84
170
84
74
249
179
125
43
62
52
179
93
183
47
140
210
15
66
213
50
73
149
77
241
118
121
158
32
161
181
215
236
176
71
203
156
250
145
127
146
88
228
185
235
225
156
76
173
1
67
3
252
155
19
30
251
135
234
79
34
182
180
64
167
111
155
232
147
227
164
97
23
184
250
245
239
184
189
235
7
106
34
14
56
194
220
14
208
94
30
103
185
85
237
150
227
219
31
3
25
213
206
150
155
127
83
244
172
41
55
102
216
110
2
69
252
218
20
145
223
184
119
254
64
49
244
152
110
250
135
45
119
222
80
225
70
132
118
251
222
241
95
224
157
4
112
107
187
104
118
124
177
3
87
144
51
234
47
242
202
98
169
104
192
252
116
195
201
186
49
40
1
248
233
202
35
168
114
229
116
155
160
77
187
146
247
155
255
205
136
32
61
111
64
83
249
224
241
69
9
119
161
163
129
134
106
90
131
180
39
190
117
10
240
216
231
196
158
124
118
173
150
236
92
78
99
151
106
119
137
136
234
55
122
68
53
130
31
108
50
3
252
31
196
0
99
37
221
112
134
182
56
74
130
14
94
124
109
72
224
100
175
193
172
189
95
196
129
28
55
3
120
8
7
225
49
194
102
251
111
187
124
83
9
77
163
127
73
147
246
68
233
42
252
254
211
88
129
10
21
123
124
47
154
225
168
121
116
105
135
247
85
177
205
249
192
182
126
156
21
230
75
31
35
179
91
208
139
6
76
65
189
214
166
179
55
164
9
46
91
165
196
244
58
97
124
168
205
204
71
141
130
182
246
30
84
195
210
68
223
151
193
164
252
86
99
171
239
49
80
29
212
115
84
176
68
48
46
214
12
169
208
245
41
48
110
150
12
187
31
41
244
175
238
85
255
32
23
34
116
68
38
134
96
180
133
246
95
6
19
19
75
188
56
5
143
26
204
237
200
54
110
183
181
98
6
216
103
28
209
102
231
46
208
52
100
91
98
190
29
169
80
109
25
37
45
224
86
18
211
140
170
103
137
109
231
5
82
53
4
44
226
204
73
212
0
159
180
170
206
115
37
221
197
93
115
105
163
215
46
255
162
48
181
96
135
202
192
145
72
215
164
112
99
138
179
52
95
4
197
86
77
129
243
2
118
165
67
246
135
236
35
66
176
73
45
165
87
51
215
72
170
33
237
57
51
61
37
166
209
220
34
187
103
230
160
17
203
60
154
49
108
25
60
26
201
249
15
96
150
232
146
142
162
1
109
223
254
211
172
218
190
142
236
106
249
111
216
249
177
226
151
106
255
222
250
218
10
48
248
231
42
99
131
40
64
10
137
69
52
225
160
203
223
48
96
17
22
153
101
171
3
12
185
78
246
10
119
160
239
212
75
26
59
107
112
86
247
157
148
162
24
30
84
158
63
73
70
173
107
118
161
20
173
42
82
103
201
221
197
254
193
141
89
250
187
83
177
150
173
78
36
0
42
183
216
163
138
63
116
28
232
23
163
115
231
247
194
78
135
216
54
8
231
58
197
182
129
231
63
176
247
4
218
174
204
174
18
131
68
82
192
148
58
4
134
120
201
68
46
252
42
31
70
155
0
93
45
38
132
29
209
103
248
129
199
46
39
68
173
69
81
181
83
74
125
152
75
208
78
230
187
94
226
185
108
161
113
132
228
117
131
199
206
16
22
7
226
235
116
128
99
219
16
57
108
227
82
248
123
1
151
215
151
61
49
177
67
92
58
75
132
46
50
35
103
151
82
83
51
182
114
29
153
191
210
81
14
96
232
185
242
102
42
164
238
62
235
169
200
210
240
24
141
4
41
210
186
216
109
30
120
167
184
217
107
183
229
43
241
64
247
47
219
117
233
144
188
234
106
47
169
158
19
78
179
152
19
172
168
140
198
174
211
207
48
235
39
118
175
228
21
106
45
35
67
6
24
118
175
19
21
105
232
225
10
229
4
140
203
36
58
124
191
100
157
233
59
94
181
17
60
81
92
98
48
236
190
212
233
112
167
1
45
72
9
182
109
119
134
153
169
204
92
182
23
44
133
153
29
255
158
157
160
61
13
37
141
187
202
20
37
169
43
219
195
115
78
107
216
6
218
52
255
51
207
217
106
120
141
148
113
70
31
180
166
213
163
175
183
131
183
27
134
73
170
140
4
92
240
151
187
253
137
20
68
15
103
220
239
84
143
26
4
159
145
18
11
65
23
210
88
118
36
78
1
31
73
101
97
122
6
192
11
252
253
36
103
78
5
125
22
228
32
66
152
30
63
103
198
86
179
222
221
200
66
79
24
247
209
15
240
98
76
242
92
245
253
37
175
102
35
185
160
141
22
158
64
249
188
143
190
2
97
218
17
202
244
144
243
218
121
4
84
234
38
129
98
51
98
230
252
113
27
224
163
92
11
78
192
229
135
11
235
62
61
83
140
2
214
224
74
117
236
149
205
171
157
77
56
82
215
253
128
247
247
215
100
12
81
194
88
93
20
2
166
84
29
126
4
47
51
125
34
136
73
113
73
6
186
15
210
118
33
212
108
206
133
152
203
191
154
60
102
224
130
102
187
105
74
243
223
154
254
152
10
63
114
56
125
126
59
244
150
46
240
146
56
97
121
244
3
110
246
50
153
224
207
54
184
68
31
8
156
250
181
104
92
245
21
149
188
23
55
131
0
192
169
106
147
154
53
243
108
35
98
208
23
20
12
22
113
60
209
126
243
203
206
163
18
34
204
80
65
93
42
216
48
31
39
56
211
241
239
195
225
138
151
162
108
181
227
36
68
136
74
237
41
231
180
242
55
117
202
248
234
79
24
181
230
25
94
96
140
4
51
5
244
247
200
121
167
185
108
117
120
104
38
136
70
253
97
209
14
248
41
184
219
25
22
27
77
58
255
223
25
151
51
21
134
8
119
236
22
199
66
177
141
159
73
198
127
193
29
208
95
225
212
120
168
15
62
118
163
57
240
112
189
194
33
25
222
223
218
95
63
143
116
13
141
227
226
217
128
185
129
195
135
206
241
116
120
21
222
98
168
43
182
247
140
8
244
101
112
29
38
76
97
187
147
114
97
9
244
14
245
54
224
65
93
70
42
48
181
205
110
131
25
230
46
175
108
247
1
216
106
151
85
61
244
226
240
159
76
17
8
92
205
247
193
72
29
90
133
5
153
20
180
122
111
114
211
73
181
228
209
160
18
192
174
48
212
163
156
29
246
36
211
246
213
242
231
56
145
12
45
127
2
240
22
99
109
220
215
182
213
4
119
128
50
41
22
189
238
172
46
180
131
206
117
153
126
74
214
26
198
191
43
166
117
106
92
56
211
48
18
29
202
155
42
26
198
108
244
122
194
132
252
84
123
54
225
143
247
247
221
251
81
115
152
172
10
19
52
60
2
120
159
61
55
206
72
205
96
232
255
121
90
32
155
222
58
29
205
153
40
18
58
19
145
244
36
185
93
48
227
154
162
113
175
115
159
240
153
225
61
94
228
187
76
140
14
139
199
27
44
243
133
130
30
137
88
138
92
6
143
222
238
142
202
111
179
133
86
128
246
0
128
154
253
156
86
88
114
11
224
63
84
172
135
15
242
70
57
233
224
77
162
47
214
170
194
214
54
120
217
2
62
54
97
71
198
158
32
115
183
82
184
199
142
216
84
117
64
227
13
39
100
159
81
160
24
79
69
186
165
119
128
114
86
184
46
123
18
0
52
174
247
95
169
236
208
170
134
20
147
148
145
167
60
63
62
165
113
25
168
239
7
141
2
180
138
55
201
120
97
153
135
160
149
250
83
98
143
56
49
117
107
43
210
245
220
242
59
106
139
24
19
214
57
242
96
253
252
130
217
119
237
132
170
206
35
203
46
102
26
4
114
124
130
254
200
112
18
51
95
164
78
117
53
64
192
91
69
131
162
193
186
245
215
192
19
7
74
146
103
60
171
42
171
65
159
64
157
233
88
160
131
25
85
191
145
100
29
50
56
168
248
237
115
209
142
26
67
212
131
156
47
58
41
47
14
224
217
80
213
19
123
222
159
111
81
62
165
26
205
244
62
129
255
161
43
173
2
176
46
252
16
30
224
119
155
58
88
203
97
217
178
115
203
234
153
9
235
46
41
114
167
219
164
177
152
23
169
9
205
184
88
210
111
138
129
90
205
62
63
85
197
86
48
143
184
4
199
176
40
237
249
88
153
145
153
31
158
140
189
251
56
126
103
155
55
195
30
66
30
178
118
133
4
23
143
193
130
82
17
21
166
197
191
157
198
65
107
232
165
127
85
39
224
78
50
131
222
107
108
183
129
9
3
14
61
39
237
116
210
176
34
25
10
169
14
161
106
45
134
163
192
150
99
219
106
252
195
145
85
1
147
50
214
92
35
75
181
75
221
171
61
61
127
109
61
85
177
18
87
27
225
157
1
8
61
3
219
145
93
192
0
236
80
108
250
59
103
38
162
176
228
73
183
204
101
63
99
57
57
69
239
29
201
61
66
210
114
198
61
148
223
29
185
68
169
198
233
156
183
58
117
193
88
140
141
82
123
3
15
140
62
46
136
22
156
114
15
215
175
32
255
150
108
26
166
92
217
191
86
218
198
209
81
6
134
18
178
32
255
154
97
83
18
146
233
117
217
200
44
10
210
119
211
28
77
110
93
95
74
209
77
218
192
34
176
45
75
58
243
205
70
84
150
244
213
51
8
13
107
67
216
53
45
47
217
34
83
54
131
193
55
58
3
181
144
248
169
53
7
30
248
66
102
173
90
42
173
26
159
143
166
237
139
134
162
229
93
84
55
241
190
230
250
87
88
196
37
107
62
254
204
155
135
109
20
43
21
116
50
241
192
206
140
184
23
117
209
53
233
218
15
189
29
234
100
62
246
59
105
121
90
161
145
167
183
41
80
238
171
148
217
252
210
234
23
151
137
118
73
69
115
4
39
109
204
151
225
47
103
90
201
219
196
232
107
121
166
228
40
188
189
12
246
9
49
83
126
201
31
9
54
90
3
158
38
11
206
63
224
73
34
250
69
163
109
242
172
106
244
127
104
76
130
231
26
148
173
47
86
204
138
78
167
130
29
16
131
40
113
147
28
129
165
2
15
179
6
95
193
6
147
21
127
152
149
254
253
161
95
187
131
15
115
191
236
153
252
231
61
13
186
11
240
15
165
225
29
89
61
5
79
166
105
198
239
119
158
79
110
113
187
242
97
211
162
85
196
206
126
83
95
215
19
173
79
17
248
178
61
231
74
116
191
148
132
54
233
172
188
95
114
1
39
116
205
164
249
247
148
31
41
93
253
94
23
120
181
76
64
146
83
158
200
79
52
255
4
193
57
227
55
83
131
36
242
236
43
145
230
201
177
18
55
46
223
245
91
124
173
227
105
169
91
38
61
0
225
190
198
17
175
209
132
151
250
31
160
116
106
135
253
252
250
223
143
230
120
132
228
39
91
30
65
11
61
211
119
195
164
186
253
116
29
101
141
243
112
14
192
2
29
240
28
60
164
191
194
243
234
91
244
232
114
26
87
86
37
83
154
2
129
111
46
143
229
137
69
201
177
15
157
104
94
93
168
142
2
39
17
181
33
226
159
129
179
125
37
8
85
187
167
105
75
138
37
245
34
81
79
124
121
239
206
148
248
55
214
244
151
53
177
204
231
68
58
89
131
205
174
167
109
62
179
5
156
208
251
173
126
221
241
59
3
171
89
62
180
127
65
53
111
154
251
61
107
93
251
108
26
133
117
139
27
185
198
215
60
148
5
120
177
158
46
81
157
205
187
233
57
220
14
64
192
138
21
96
0
121
17
19
195
186
20
61
211
40
123
208
13
42
210
2
6
219
165
170
221
159
157
208
97
201
11
196
98
94
161
99
152
249
38
141
114
219
76
247
156
186
247
92
58
92
18
149
64
58
126
191
190
165
128
214
225
99
190
110
195
142
2
78
87
150
230
207
241
152
28
87
4
31
229
198
102
227
55
30
195
153
203
153
101
34
54
121
69
64
169
158
106
151
146
194
45
104
216
133
52
241
133
158
127
2
220
237
254
226
208
98
116
95
243
26
247
120
50
148
144
74
247
252
81
191
111
175
175
226
93
62
121
175
52
57
152
163
104
0
178
234
46
59
150
6
101
189
75
238
53
157
124
162
167
250
172
238
234
9
127
132
4
52
164
109
146
65
111
72
199
2
83
144
82
72
199
71
210
141
136
76
100
247
129
101
153
47
162
117
28
48
27
29
150
27
9
216
30
224
189
11
74
213
5
71
54
118
197
93
3
167
206
52
216
185
189
221
212
51
80
7
29
92
4
154
233
92
64
104
178
106
70
32
20
207
202
227
84
139
255
40
83
230
121
190
235
246
64
106
180
184
238
158
214
218
68
155
253
14
164
235
95
37
139
54
35
48
133
212
140
58
15
54
137
110
175
11
100
11
238
231
77
20
19
208
198
178
89
123
106
0
239
22
130
57
251
101
150
135
7
95
132
148
184
21
62
115
15
241
71
218
192
131
146
97
231
22
48
30
3
252
96
223
99
152
145
164
67
190
62
220
8
175
89
11
201
209
104
124
134
94
90
249
175
185
245
130
22
37
74
104
184
90
182
182
223
48
195
38
225
47
28
157
31
38
227
42
69
150
166
147
165
181
181
47
251
246
234
101
27
73
170
154
108
115
109
205
242
51
231
8
18
188
101
85
238
115
130
195
162
1
226
44
240
235
82
24
22
175
0
62
132
100
0
3
59
174
182
138
145
250
116
164
251
59
241
79
38
200
5
85
59
1
33
171
25
79
202
0
201
171
147
115
125
53
147
240
222
187
234
74
57
233
65
7
222
73
234
47
46
15
215
159
21
231
23
4
22
158
96
229
149
181
135
231
74
92
9
194
157
4
174
12
218
74
215
39
235
3
211
86
224
163
151
17
232
193
100
206
255
147
87
200
250
152
176
26
101
171
35
178
29
167
69
25
174
202
105
200
55
246
219
191
146
242
234
243
3
169
219
23
130
161
50
153
46
205
39
27
93
79
231
72
109
107
182
187
220
31
159
221
59
201
32
183
12
249
208
195
0
203
248
133
215
164
56
41
55
246
186
84
113
98
44
35
48
75
66
98
239
196
188
21
46
74
19
57
50
87
245
209
115
104
14
64
15
21
47
174
127
130
102
199
42
145
89
61
19
73
195
49
229
93
225
5
223
38
132
160
84
186
156
6
38
178
96
152
56
239
18
205
155
252
162
88
255
56
239
210
36
153
247
181
33
159
43
194
56
90
234
114
82
44
245
253
197
116
234
158
155
84
11
155
199
124
133
247
104
144
247
213
162
25
145
234
201
10
60
185
225
116
243
80
12
143
59
151
83
159
44
13
70
39
88
199
107
10
62
120
86
60
182
34
242
111
181
47
74
33
217
52
136
28
173
198
122
46
175
212
29
62
229
213
90
157
147
122
128
108
95
166
127
237
197
114
203
240
174
97
214
30
128
20
0
81
5
180
202
230
106
50
60
231
159
231
220
131
172
34
218
232
143
213
43
250
236
157
253
36
217
175
182
9
60
166
124
84
76
234
154
17
151
94
143
203
233
146
28
190
89
4
115
7
43
102
188
224
69
58
122
223
227
40
0
54
226
105
101
55
137
212
196
104
80
153
255
30
195
126
226
201
97
217
33
105
66
86
10
46
2
207
209
174
59
83
96
244
157
100
220
102
162
90
123
180
242
111
205
228
99
106
163
140
138
37
63
10
242
95
87
5
161
159
143
105
194
47
122
46
213
254
52
4
220
35
59
71
128
231
216
30
54
93
20
112
135
73
87
39
3
72
38
193
199
103
121
206
63
56
64
183
60
36
45
153
255
81
229
97
173
109
71
221
100
123
149
3
233
246
66
183
210
71
103
50
115
120
96
88
47
45
79
68
214
72
183
29
74
231
87
198
114
169
49
220
251
209
5
140
249
169
29
150
133
240
85
126
151
52
62
233
109
247
145
69
152
227
21
227
142
54
253
209
9
18
184
181
102
37
225
131
205
106
146
55
239
255
191
62
0
78
163
238
157
226
168
155
72
49
151
26
26
222
124
4
215
220
228
107
109
208
85
26
175
104
94
89
54
213
2
249
223
175
85
111
95
56
160
39
19
232
29
190
126
101
184
180
152
226
37
54
38
169
179
96
215
212
89
67
40
255
160
224
106
63
113
94
234
248
177
184
9
234
45
75
137
88
150
43
62
236
87
53
233
129
151
11
152
192
197
195
98
95
83
90
146
40
21
80
19
247
164
21
89
162
218
230
253
10
9
153
26
40
116
236
221
212
126
6
135
212
172
244
120
160
204
3
218
97
129
202
199
33
10
5
93
175
71
19
122
90
249
102
229
72
225
113
214
111
127
82
144
82
22
168
193
187
218
135
227
157
188
250
126
94
220
246
46
51
46
139
145
80
134
52
200
91
66
13
153
246
94
34
200
35
155
163
244
163
7
194
68
85
73
231
171
110
81
142
62
55
36
83
228
89
102
148
205
43
173
251
81
55
125
99
103
144
188
156
90
128
2
124
43
137
22
95
164
113
190
107
235
30
163
77
237
89
204
47
67
220
50
208
66
240
231
145
49
251
5
187
194
214
220
55
216
87
195
208
167
167
110
89
117
193
207
21
7
12
147
139
241
121
195
241
9
60
124
151
167
81
245
110
216
138
39
239
237
85
26
185
243
193
66
24
176
140
243
242
128
234
87
94
165
167
92
184
0
139
20
3
205
137
180
206
15
100
224
207
92
202
88
186
173
43
36
235
156
118
0
92
9
44
9
49
199
128
186
49
209
157
253
212
97
173
68
22
203
219
145
48
212
77
103
247
144
21
158
219
79
88
24
213
175
233
56
81
39
56
189
195
33
51
184
245
33
92
64
8
205
252
160
116
213
235
148
243
51
106
195
38
13
161
59
84
207
174
164
193
175
153
229
188
28
132
117
47
183
122
152
95
187
16
115
160
51
245
201
242
125
47
146
59
63
99
31
192
31
10
106
84
117
135
8
32
38
132
185
133
2
174
114
229
207
130
123
105
165
235
61
147
65
163
8
244
227
90
81
193
89
100
45
88
109
29
194
220
116
35
136
143
218
227
118
224
243
247
231
185
61
129
236
10
65
125
232
103
238
188
35
186
8
84
161
156
87
158
170
130
154
42
73
77
237
55
185
27
19
55
96
220
147
151
149
166
53
255
105
10
134
221
236
166
198
159
220
232
215
205
118
103
195
50
172
228
44
46
166
54
17
28
154
80
109
212
187
104
186
7
70
106
46
148
153
37
59
65
140
14
159
248
52
51
82
155
178
195
71
90
129
231
118
28
41
19
118
132
40
98
209
90
243
253
129
186
242
165
255
211
197
231
204
223
226
99
114
219
171
25
88
227
79
178
45
210
251
29
114
20
151
140
187
60
197
178
106
182
214
115
152
88
83
252
119
42
49
131
198
106
34
160
254
66
101
244
235
237
13
224
7
11
47
241
195
90
67
169
179
76
5
66
112
141
147
67
110
118
160
204
99
33
125
151
55
26
129
241
49
238
12
2
206
16
195
172
179
74
29
160
117
19
143
239
220
200
86
210
193
101
68
160
121
229
190
92
11
13
122
9
222
173
199
218
250
165
233
93
96
32
163
34
228
245
38
73
235
164
61
159
49
108
71
168
52
118
41
157
201
9
45
77
76
165
140
146
183
249
217
86
40
213
184
15
239
130
141
254
38
236
210
186
178
118
41
15
242
247
164
86
179
128
152
137
252
199
167
228
82
45
140
227
34
90
82
37
128
104
180
131
78
145
169
191
77
242
59
222
55
25
23
115
213
68
146
52
12
237
47
68
240
8
7
77
126
25
202
197
243
6
251
228
204
98
91
207
203
218
116
74
26
119
30
149
87
43
1
146
1
156
13
214
22
41
89
161
172
87
94
75
214
114
45
226
34
189
41
60
152
116
171
15
76
70
229
177
142
232
172
41
251
25
63
140
178
56
255
204
251
143
101
73
36
148
227
224
79
145
42
60
175
22
212
21
141
251
111
242
76
48
2
90
225
11
140
229
100
255
217
182
122
35
53
124
209
37
176
86
202
162
222
85
109
58
157
175
156
173
230
140
88
182
9
197
132
241
166
117
112
164
182
132
217
75
67
127
114
135
212
236
209
99
163
4
224
18
150
138
58
61
59
209
137
233
92
21
113
47
5
203
174
138
134
117
150
249
67
227
224
47
31
219
215
56
194
133
148
101
153
14
91
59
129
221
38
186
152
169
38
198
157
25
233
135
4
99
125
104
125
11
219
187
43
180
112
99
187
151
106
143
177
233
115
198
165
200
230
11
69
243
200
53
92
99
161
237
126
101
195
205
18
253
95
52
154
202
36
12
101
109
122
18
190
25
176
2
111
115
169
46
75
213
18
236
47
144
21
168
236
112
66
40
37
3
56
206
184
75
177
217
93
232
72
76
217
160
215
243
208
143
109
221
72
75
141
56
146
244
124
72
100
3
222
71
159
101
6
210
192
46
183
87
248
154
214
54
57
42
76
235
108
159
232
23
252
103
33
98
68
199
249
218
83
32
129
159
156
25
158
245
122
94
196
131
105
115
188
225
34
249
132
107
158
219
96
37
204
27
177
250
83
7
34
44
203
131
22
63
148
9
253
47
112
182
161
189
144
144
58
181
13
169
13
8
67
241
157
100
199
238
109
213
207
15
13
117
171
39
55
21
35
182
23
125
122
200
63
161
153
214
25
191
241
175
248
203
128
18
15
171
1
45
106
37
4
54
81
79
131
5
163
112
179
114
173
151
241
210
58
159
4
164
221
187
22
56
11
113
166
2
74
151
248
215
216
74
185
210
169
169
105
66
29
15
82
31
67
121
237
192
229
78
220
133
189
151
195
252
181
137
37
163
38
145
214
81
199
13
130
123
183
229
54
123
34
30
138
212
162
180
15
250
249
120
62
21
132
8
211
78
199
133
21
115
58
2
80
131
211
7
45
213
7
133
150
168
228
249
244
196
152
97
241
76
212
30
250
39
130
156
151
77
191
74
128
143
100
6
126
32
121
154
221
74
20
16
14
191
20
174
94
130
0
50
162
174
30
22
0
68
34
90
125
67
193
90
210
176
164
236
146
21
120
6
14
234
95
110
168
159
50
182
138
21
142
77
99
99
163
215
137
214
89
91
125
171
195
128
239
123
36
90
1
16
74
160
32
46
248
128
149
131
180
82
131
92
150
170
140
68
234
23
89
18
65
213
236
176
171
132
214
38
58
87
155
215
193
75
81
106
233
198
120
63
18
40
209
61
39
43
24
209
15
42
136
149
139
225
204
100
158
73
244
192
135
55
250
14
115
14
49
238
80
221
247
229
254
248
251
35
182
219
99
138
151
50
189
200
75
62
70
122
99
249
36
27
163
134
160
144
116
81
87
188
51
127
39
37
84
104
149
118
108
230
34
231
168
253
62
58
181
66
138
81
209
166
12
248
242
166
96
68
139
0
184
200
219
28
16
48
98
81
92
115
139
70
153
147
9
185
143
160
98
210
179
26
176
244
90
179
153
244
88
160
247
203
245
31
47
243
148
71
251
146
90
17
90
23
254
97
173
188
177
211
14
111
117
253
139
184
132
103
73
142
163
130
106
50
229
221
62
250
63
21
142
128
79
32
112
157
67
164
17
200
199
214
71
252
125
139
143
22
131
41
222
85
163
54
96
242
180
116
239
225
97
24
112
233
216
61
55
82
186
113
249
111
47
211
125
233
190
101
56
7
221
54
252
78
125
36
27
249
58
104
15
107
143
48
49
55
72
219
147
42
29
162
194
109
41
46
201
45
234
108
38
63
92
40
164
181
66
47
83
136
185
100
134
13
5
141
191
208
58
126
242
125
52
51
64
145
97
220
192
219
1
210
134
67
151
188
166
165
161
229
114
229
152
221
3
72
26
12
9
8
215
73
61
235
93
75
29
41
24
151
14
13
3
147
85
246
206
167
191
29
233
229
169
226
198
240
81
133
122
160
217
142
44
102
145
16
79
184
241
120
22
53
197
240
113
237
200
127
142
189
149
228
231
238
224
155
236
72
172
160
79
0
66
52
138
45
65
47
88
24
237
136
211
107
131
124
12
204
25
12
114
196
160
135
107
177
40
153
89
32
178
62
46
66
12
55
65
97
158
110
42
183
163
72
131
70
138
190
131
170
98
224
52
167
60
30
123
144
140
70
93
88
110
227
39
16
107
165
203
87
6
5
129
205
120
118
249
69
44
210
124
148
243
140
58
98
37
78
242
191
102
79
100
102
124
88
112
151
224
170
186
102
169
172
177
228
131
78
177
239
249
247
158
36
197
156
47
94
253
108
143
66
115
204
112
25
180
43
96
100
16
223
253
83
63
25
55
208
159
177
107
176
101
137
103
154
120
10
232
219
122
49
39
109
21
244
213
185
107
105
83
72
64
219
79
62
67
250
78
7
113
255
154
55
99
100
231
255
223
150
120
179
111
59
15
45
60
85
102
243
112
160
255
169
155
197
18
71
155
39
142
211
77
153
59
166
98
86
248
249
85
57
165
149
170
6
25
196
143
255
43
154
249
250
180
76
243
81
160
170
69
137
84
233
135
132
243
27
143
68
224
93
189
141
27
3
15
50
162
247
35
81
185
159
71
210
153
238
58
93
45
154
46
88
255
59
17
237
183
70
18
202
187
71
63
211
114
252
205
56
140
162
67
88
211
27
187
226
102
65
52
136
106
82
197
3
173
44
115
24
33
90
154
12
169
240
25
17
143
2
34
209
16
114
13
179
231
127
42
159
242
116
203
202
185
159
185
44
136
30
123
30
6
174
53
218
26
190
59
160
178
76
19
239
22
208
158
107
158
129
210
252
155
185
176
85
163
212
79
214
199
11
53
96
56
197
103
195
158
251
229
208
181
30
112
186
28
221
82
39
149
228
159
119
224
174
36
6
156
134
231
112
32
212
24
101
135
85
207
179
140
140
150
74
44
35
196
125
207
110
255
226
192
193
237
185
165
54
253
76
16
138
133
105
148
97
227
90
127
84
217
172
32
209
80
177
156
205
10
44
32
216
170
129
197
210
194
13
66
75
179
196
100
224
34
209
180
248
142
145
16
95
98
23
110
24
150
244
197
178
217
171
140
52
62
182
57
168
142
161
224
250
6
99
179
73
174
39
47
80
95
81
64
197
201
207
58
138
116
164
61
254
5
52
130
154
27
75
240
192
9
113
54
152
22
115
112
167
191
207
233
236
13
20
159
58
138
41
127
86
202
120
54
16
69
176
239
188
103
203
202
104
9
80
249
160
205
109
228
195
187
144
68
115
121
71
10
232
202
54
237
186
223
220
186
213
194
185
143
41
210
185
179
181
205
247
13
129
185
238
230
96
193
11
63
15
150
170
9
229
5
229
178
133
159
104
156
235
71
96
99
168
222
152
103
235
27
111
11
6
132
201
124
53
130
10
253
188
133
127
143
218
22
47
145
100
167
161
136
241
253
2
218
71
35
216
207
211
103
162
31
240
99
7
86
134
134
123
73
190
159
68
167
190
207
146
191
30
126
116
12
201
8
83
78
55
27
203
248
148
177
236
205
222
20
166
174
2
192
98
227
135
225
84
33
59
57
81
236
25
178
211
189
35
53
80
188
69
101
164
185
155
237
55
88
132
12
98
140
107
32
206
160
225
203
248
125
146
148
236
203
197
232
105
30
232
84
163
125
122
240
103
148
117
23
146
126
26
176
144
182
113
197
58
125
131
191
161
112
66
183
161
162
53
155
252
122
134
133
207
170
207
3
2
26
76
138
226
39
204
63
214
63
133
17
18
11
119
11
153
141
50
235
109
73
240
187
15
159
137
53
42
74
25
148
154
184
5
46
62
3
225
77
43
1
39
1
204
189
222
43
118
90
117
83
126
86
139
214
97
59
243
166
147
223
219
190
129
135
118
158
80
155
131
209
147
211
204
7
86
225
206
219
50
184
214
20
189
173
12
99
26
192
55
33
111
227
88
120
237
67
254
166
194
221
22
190
103
11
92
199
70
104
32
117
108
163
28
237
185
221
12
232
226
78
193
88
138
33
55
6
5
121
77
237
178
7
205
115
87
73
229
190
219
159
164
54
116
55
122
135
12
252
191
242
10
6
161
89
45
110
24
95
116
46
89
181
156
231
33
202
76
238
226
182
241
224
11
132
166
247
74
168
52
77
200
150
250
136
205
3
87
41
120
254
56
10
156
234
87
12
197
128
96
121
117
89
132
205
29
30
128
63
20
70
76
88
114
60
153
111
104
218
234
212
28
66
75
203
66
249
175
199
150
213
224
88
6
225
163
51
246
30
201
38
37
217
4
147
178
176
49
223
146
186
115
93
223
89
61
221
69
126
122
50
141
218
114
14
75
62
135
47
8
42
137
222
186
8
73
160
0
172
32
103
84
245
210
182
20
28
159
65
31
48
4
237
211
10
181
188
125
29
32
11
88
125
227
253
171
102
96
113
173
193
238
98
122
203
44
6
102
71
241
201
10
111
84
203
175
247
141
134
96
171
164
127
57
53
228
19
176
37
214
206
201
44
177
55
201
159
173
97
86
149
127
204
134
78
95
129
238
229
73
82
21
134
223
212
242
181
217
238
122
135
255
20
201
249
155
4
3
205
17
143
239
88
59
210
105
178
31
1
54
107
72
71
199
153
238
123
217
153
250
203
168
39
205
147
222
218
138
54
0
191
196
19
10
65
125
134
80
191
84
25
78
181
120
251
192
0
246
138
10
186
210
228
188
6
47
119
15
18
35
207
29
177
108
38
68
183
14
39
196
176
149
98
96
125
144
175
4
115
134
193
101
101
180
37
232
63
19
180
74
53
183
90
70
212
255
136
78
5
213
220
213
42
69
183
110
164
12
182
168
93
10
96
157
170
33
152
19
177
47
178
17
101
19
234
148
215
151
195
238
41
124
11
201
82
83
198
82
102
191
176
37
250
24
125
236
93
118
140
179
231
136
109
102
239
194
66
193
64
78
241
141
181
254
249
120
226
18
208
227
98
221
248
174
58
32
230
200
192
197
46
108
97
27
48
2
7
89
66
3
92
18
28
38
59
116
68
26
115
217
182
143
67
192
131
213
143
140
124
243
76
219
17
204
89
52
19
223
137
123
48
17
95
111
163
219
36
18
9
236
64
171
24
162
140
98
100
102
154
138
48
8
72
217
156
70
238
143
82
9
117
105
189
25
22
231
11
92
11
181
119
26
186
219
62
46
215
132
191
244
207
79
96
40
211
194
228
244
106
11
188
237
41
170
158
149
202
86
192
76
162
185
237
250
135
39
47
243
36
44
35
17
228
162
42
78
211
118
10
254
207
75
193
225
254
81
8
45
241
160
235
195
201
56
90
172
68
34
220
43
36
230
181
54
149
127
229
179
15
217
231
23
229
97
14
194
72
205
132
4
255
170
195
151
25
20
198
211
245
190
144
0
182
227
91
41
248
13
95
202
82
78
184
140
6
183
28
114
6
27
118
204
108
50
89
113
70
159
41
173
174
43
187
216
236
131
191
143
158
50
229
68
64
224
156
97
36
145
176
13
147
78
229
97
180
38
83
208
149
243
114
12
207
143
110
230
98
38
221
133
2
31
253
240
66
227
74
101
252
178
200
165
243
234
152
50
239
225
56
217
196
15
170
98
200
170
243
66
44
102
154
236
39
195
241
106
23
19
56
86
106
219
115
255
193
207
189
140
160
201
190
61
45
141
190
223
104
137
102
244
46
56
71
24
60
104
137
215
125
107
150
91
229
13
123
138
9
40
120
56
134
205
149
154
58
79
89
152
242
76
9
95
61
0
148
219
149
13
221
126
71
126
59
235
253
33
226
52
126
36
48
177
150
61
139
251
14
154
92
34
144
33
207
81
217
155
138
57
161
156
167
70
170
184
148
243
21
92
163
0
50
73
26
93
238
191
209
255
39
150
56
1
146
150
122
77
37
214
2
234
57
74
106
203
213
128
8
192
178
73
118
135
76
247
217
113
64
113
108
231
197
171
5
195
139
5
111
156
228
25
250
157
240
173
242
122
29
236
46
147
40
216
125
238
19
45
52
76
90
180
68
81
179
187
190
210
7
250
106
197
92
211
174
1
249
251
233
117
104
222
91
3
150
198
65
198
12
204
225
183
199
253
157
234
57
156
165
244
102
35
73
141
217
61
181
206
64
199
13
189
160
156
166
146
95
153
142
165
174
10
115
205
5
32
220
224
28
116
116
179
201
108
42
50
255
179
111
201
23
51
213
148
103
172
36
232
38
20
156
113
120
19
123
197
230
206
200
228
192
73
142
239
158
206
245
56
246
71
137
122
218
178
46
200
60
136
25
184
27
109
178
109
70
9
179
123
108
4
21
176
235
188
57
9
253
209
99
165
254
239
206
73
243
212
125
137
169
49
9
230
195
236
9
114
117
187
131
238
30
98
165
16
156
62
75
121
26
217
176
140
148
172
162
182
221
61
196
173
82
235
223
171
106
90
190
15
154
225
79
10
179
222
250
83
153
223
255
105
181
13
94
70
225
137
241
55
236
11
61
199
50
141
119
115
158
78
206
194
215
62
121
214
216
161
177
56
180
210
6
86
122
231
166
135
164
61
204
161
76
77
31
26
185
142
74
83
56
75
40
33
10
19
136
53
57
18
180
174
11
149
102
196
143
92
152
62
235
175
91
0
210
116
6
109
4
200
163
129
90
237
252
191
135
35
63
191
82
2
128
127
230
222
161
75
14
135
160
174
74
34
34
251
54
200
241
205
67
123
103
32
133
86
196
105
83
215
59
173
182
218
115
165
7
22
30
254
148
69
173
125
21
199
195
238
103
21
47
68
161
241
17
56
103
203
168
94
35
177
174
56
226
212
189
167
168
244
79
241
211
126
56
138
235
150
243
246
2
204
72
121
189
42
1
162
24
181
136
229
22
238
141
49
203
75
145
26
243
28
220
7
246
89
41
126
53
153
117
23
186
51
170
194
10
97
28
148
129
42
58
121
66
81
151
66
217
195
96
64
101
58
5
109
210
125
126
114
172
15
174
154
41
79
230
212
0
164
12
21
162
16
233
74
235
231
82
22
253
206
48
193
139
93
6
228
58
50
118
163
222
74
158
23
122
135
185
14
225
190
15
95
131
222
78
116
164
194
131
164
96
25
253
241
127
209
173
191
24
231
194
77
131
67
170
168
136
112
42
172
71
222
227
245
129
219
232
181
69
152
75
170
127
141
224
244
35
133
214
131
124
207
30
119
33
63
22
169
148
49
125
40
180
57
42
96
220
250
14
215
94
249
8
74
100
90
124
137
253
20
35
118
208
26
89
253
65
42
147
107
196
178
252
119
188
80
126
48
174
124
24
37
200
89
254
172
97
211
143
39
95
232
171
128
47
219
30
196
1
9
28
225
241
50
124
42
28
161
229
83
40
241
213
56
27
197
89
107
205
103
28
72
228
16
15
66
160
146
13
161
62
154
49
247
26
7
145
118
183
113
96
156
7
23
82
241
86
240
251
103
15
255
188
42
248
167
161
194
136
28
45
226
43
207
126
61
12
74
29
95
136
193
134
34
218
78
92
158
83
174
49
6
211
21
148
200
128
142
25
147
183
101
56
181
144
205
160
85
96
109
125
202
99
248
1
221
56
149
110
213
162
23
48
190
32
90
239
151
246
146
65
0
0
236
215
71
5
29
5
198
181
234
47
181
5
55
5
136
125
245
58
253
225
62
208
36
97
160
120
209
167
69
240
155
126
35
254
187
250
2
102
233
161
44
212
93
246
178
221
81
26
140
94
218
49
241
191
89
233
123
228
181
28
108
36
213
50
2
198
135
8
36
166
171
223
226
15
208
181
21
45
76
224
139
223
68
167
233
163
54
160
213
213
163
83
86
7
177
139
236
75
193
75
116
226
206
206
91
213
91
158
60
179
165
243
67
101
35
242
211
249
76
123
184
76
162
196
11
40
225
201
129
185
33
128
191
155
186
173
254
63
63
202
243
26
37
15
155
155
234
50
53
43
176
1
183
82
37
225
137
191
59
94
106
142
198
155
196
175
97
120
112
220
224
143
57
0
133
156
158
185
135
23
51
88
133
240
53
162
89
126
77
168
216
41
199
169
146
19
143
99
109
55
222
65
40
150
2
247
214
111
251
173
172
172
181
101
59
230
60
169
227
147
144
24
108
35
160
113
86
168
123
88
55
229
51
243
58
235
209
92
235
75
223
226
189
167
227
226
83
244
92
163
54
95
36
67
185
153
15
237
235
223
177
102
241
10
7
101
70
247
229
173
14
23
26
43
163
143
171
210
63
31
51
211
135
206
27
79
154
184
188
102
236
216
123
19
52
67
253
153
58
105
112
97
52
174
217
58
245
162
222
148
119
136
108
156
109
67
153
81
29
37
9
248
34
200
111
193
79
192
145
134
176
64
4
136
154
179
18
145
17
59
6
128
58
197
254
208
20
176
130
187
160
226
82
74
226
135
205
151
177
240
157
42
72
23
186
2
172
212
13
191
58
101
74
161
86
88
15
227
197
181
84
137
232
134
205
94
243
95
119
227
9
59
115
115
116
164
22
80
255
54
187
194
213
21
188
239
57
222
159
96
124
174
21
15
89
228
147
155
175
230
56
52
209
105
219
11
216
103
215
53
162
28
89
115
231
69
131
136
137
226
41
218
65
186
17
15
119
213
71
109
36
147
255
61
26
40
190
183
211
40
5
220
48
158
182
67
87
41
248
18
46
77
157
185
214
143
185
99
152
198
33
194
98
182
25
165
77
13
51
106
113
253
84
4
196
247
139
221
100
120
248
176
54
250
164
244
227
244
117
254
157
242
112
240
227
84
212
251
19
211
103
132
222
234
138
210
101
111
45
54
36
121
166
18
118
22
229
46
236
247
250
110
12
213
124
30
224
73
115
51
167
163
72
111
63
99
251
93
136
190
8
242
221
193
52
25
246
14
169
227
50
140
47
77
57
167
38
153
190
150
160
82
22
92
196
65
100
198
226
79
254
12
19
221
120
83
144
60
27
132
171
150
126
253
118
254
223
189
208
160
33
213
193
45
118
115
45
111
190
98
78
147
167
109
17
31
213
224
99
196
99
229
93
8
239
122
179
145
209
236
101
78
246
191
236
221
100
125
114
183
193
135
106
67
90
158
212
255
119
62
11
63
55
109
249
124
219
147
201
224
131
55
67
146
23
175
166
21
194
230
22
202
168
44
99
228
86
22
225
200
34
205
125
70
75
120
150
68
125
239
113
144
137
122
11
6
101
219
20
217
140
140
51
116
235
161
2
79
159
178
168
54
132
146
98
14
214
221
197
133
6
203
165
33
130
152
217
184
207
30
68
4
90
128
104
213
219
238
184
152
241
152
36
47
214
75
211
41
8
91
245
116
114
104
212
163
168
185
73
229
229
156
11
238
33
169
162
175
177
253
89
152
166
52
192
195
125
85
3
87
68
55
52
6
20
42
5
20
84
222
192
210
221
238
95
82
171
16
219
179
84
82
10
135
233
3
117
66
195
158
195
88
175
182
58
198
8
95
227
38
92
110
121
222
225
253
25
166
177
90
35
185
33
74
174
182
163
111
252
105
67
57
101
170
46
99
36
131
203
81
11
247
229
173
209
6
61
143
8
68
202
96
133
40
23
191
26
103
59
202
157
3
245
71
73
133
209
84
34
73
174
110
36
17
86
200
9
194
189
117
202
180
246
106
121
202
175
33
9
0
61
247
106
39
50
207
180
248
49
54
189
68
240
239
114
16
190
50
59
