114
164
64
227
183
177
117
173
67
103
47
249
205
227
47
96
165
233
10
192
217
205
103
146
169
122
4
210
188
40
14
174
161
171
70
128
172
72
83
153
20
250
124
32
239
6
74
202
175
213
95
92
34
252
172
103
220
56
196
62
224
35
218
248
47
156
29
206
217
51
28
220
15
178
70
237
136
49
92
255
92
163
141
90
15
161
202
130
28
130
208
75
160
202
118
247
10
130
243
137
73
96
56
145
70
102
103
45
151
195
128
243
112
29
183
9
169
75
26
49
61
175
110
41
9
61
209
176
142
21
40
225
71
52
88
218
167
219
1
248
214
101
232
35
112
207
187
138
56
232
17
74
145
73
107
158
4
222
156
158
12
216
71
209
171
10
34
149
95
106
192
41
226
109
162
46
230
151
78
248
83
201
254
37
240
106
46
25
194
174
185
16
154
120
100
2
129
219
50
59
179
21
82
199
234
10
236
50
93
196
207
2
179
178
99
110
19
216
109
89
15
97
91
71
151
159
78
132
226
73
12
66
247
147
41
140
61
132
161
11
152
226
90
177
79
206
203
211
1
89
244
168
24
224
124
127
90
97
141
238
55
191
54
206
5
225
9
94
204
97
38
190
40
15
198
161
239
31
119
64
140
248
16
211
58
95
31
141
139
71
113
151
137
15
69
117
140
45
149
142
114
13
43
130
248
163
149
227
147
12
184
185
246
220
145
50
111
93
24
96
68
203
31
63
23
239
45
151
96
68
87
124
137
218
239
195
110
51
45
182
32
245
213
14
35
246
75
12
71
62
54
129
76
56
175
220
25
111
4
53
22
158
77
179
208
29
185
134
88
208
234
80
243
205
102
195
217
208
234
180
147
242
18
85
79
11
34
34
1
109
203
57
196
112
190
172
175
112
197
130
14
158
208
225
116
153
124
252
232
86
160
8
170
140
34
195
20
35
208
47
33
94
183
22
116
206
95
194
50
136
133
13
10
251
23
195
221
210
0
242
172
223
231
65
234
174
209
89
100
94
67
19
243
54
217
207
72
14
143
201
164
230
174
153
132
60
152
242
161
155
184
39
254
172
72
111
129
133
160
123
173
159
44
248
255
67
187
82
174
169
33
130
141
41
134
77
142
53
84
127
184
61
64
87
200
26
99
28
192
5
133
235
152
45
95
111
215
245
208
93
90
89
102
22
67
12
194
22
4
10
94
109
181
117
179
104
56
180
161
155
82
101
182
96
34
8
104
40
152
53
21
62
176
211
141
27
0
147
110
67
27
241
130
180
141
55
53
147
165
148
238
88
123
47
7
13
117
133
221
87
194
122
129
66
203
66
131
214
197
147
203
176
91
16
146
27
243
207
193
199
72
80
2
221
26
29
135
135
242
99
237
107
48
148
175
59
212
231
68
184
245
91
46
115
36
39
108
49
235
60
126
28
239
158
20
197
30
213
141
79
117
14
68
88
54
255
25
85
12
199
41
99
188
176
222
154
107
61
185
155
107
121
93
234
170
89
107
111
22
11
83
183
189
178
90
207
116
44
234
5
70
27
242
227
248
174
118
36
69
150
129
217
65
197
92
100
169
183
90
154
167
80
226
94
67
11
177
225
69
144
181
253
118
118
3
152
122
215
201
222
120
130
124
249
238
169
120
87
224
152
13
158
98
17
111
102
65
236
37
74
77
54
139
126
58
86
7
178
89
247
111
53
203
137
190
104
54
229
148
37
207
66
105
223
10
218
13
18
253
168
64
9
97
255
171
221
107
196
36
192
142
130
98
35
22
22
81
32
246
194
188
170
115
99
180
51
77
17
156
89
103
203
75
92
30
195
85
228
27
87
77
55
18
125
246
8
208
223
133
154
196
119
184
195
41
119
217
150
117
213
231
44
49
195
7
39
233
138
239
62
206
221
5
222
35
127
175
203
187
33
227
40
212
27
86
142
136
175
7
231
123
197
197
206
193
30
193
125
130
52
92
252
210
141
158
61
221
108
208
237
210
171
97
141
90
135
48
65
109
24
63
215
67
14
235
238
141
139
131
92
156
191
63
244
188
57
0
238
139
227
136
72
73
46
120
23
124
146
224
34
55
95
183
50
231
10
115
108
28
149
76
45
196
95
6
106
130
12
13
159
109
146
18
118
7
25
96
34
9
129
188
32
27
45
39
93
206
39
89
75
217
121
186
39
156
211
228
70
160
226
177
60
96
250
161
247
75
115
116
17
69
186
171
77
14
249
183
115
159
43
188
217
144
84
131
250
249
225
252
106
62
69
171
79
31
145
229
44
160
216
50
157
105
95
78
90
207
154
223
24
103
86
184
4
110
99
64
204
206
84
203
105
216
62
10
77
25
190
48
40
161
130
150
67
53
22
244
208
41
252
155
59
202
90
249
231
231
145
9
48
129
111
134
179
124
90
240
208
145
121
212
194
130
115
126
188
86
235
169
223
75
61
138
86
11
145
61
253
176
91
168
73
95
52
207
9
104
65
111
68
232
174
42
127
81
156
21
106
114
140
147
238
193
232
155
93
74
4
125
255
246
138
150
248
5
241
97
55
60
203
44
18
66
216
72
217
131
244
79
49
224
136
122
206
235
6
251
88
143
47
92
226
236
16
123
221
115
62
191
172
25
124
207
184
135
188
32
13
150
25
173
98
119
40
68
58
98
202
42
64
215
66
104
78
80
154
65
204
221
204
39
198
153
32
104
132
2
151
16
142
117
120
242
118
145
125
172
190
210
124
168
42
10
92
178
110
88
191
20
192
155
87
73
175
121
113
255
202
39
235
21
94
226
211
155
231
54
82
175
235
221
106
230
217
150
50
13
110
136
29
57
68
68
150
11
79
200
253
131
168
73
141
41
17
202
217
242
63
64
104
92
229
56
97
173
13
58
250
225
170
212
125
242
50
177
4
204
118
217
176
97
182
37
60
219
210
91
130
21
251
114
47
67
135
92
150
192
79
73
212
248
144
13
196
227
239
158
158
13
112
49
27
193
21
164
153
44
202
50
196
136
201
97
229
91
95
15
78
97
164
247
58
8
175
0
188
35
57
150
198
14
68
38
125
229
73
86
173
177
224
12
47
153
45
88
142
250
62
250
205
166
18
154
71
72
63
235
15
7
37
79
201
99
176
216
111
85
170
11
248
222
80
181
228
155
48
9
107
88
132
230
248
138
123
160
134
226
62
3
169
144
97
137
34
162
63
185
126
249
176
218
11
1
35
150
194
231
79
216
148
5
215
116
192
33
243
74
53
127
252
212
59
220
90
78
207
182
73
149
7
236
16
166
107
254
36
192
206
188
55
99
74
193
109
251
103
53
219
181
167
231
250
102
221
41
239
209
126
57
134
56
80
44
87
57
50
147
193
81
178
136
148
184
99
133
113
25
113
129
87
69
0
240
22
237
218
42
128
123
1
161
8
64
1
73
54
165
239
81
167
230
218
211
238
210
223
225
251
65
223
186
234
164
17
140
136
156
133
230
91
43
48
188
86
244
212
8
197
16
225
20
188
120
180
198
50
176
62
98
101
30
179
49
4
147
114
67
153
220
241
232
217
169
160
7
174
112
250
52
201
131
64
229
215
204
1
82
135
134
233
227
243
5
153
245
127
35
157
51
126
32
246
0
150
241
241
85
125
190
117
229
48
235
217
68
148
115
29
111
105
154
97
117
159
252
190
241
3
0
100
77
27
168
85
37
189
73
142
36
84
115
207
32
42
133
128
207
198
231
147
230
6
187
176
87
37
250
11
2
30
243
226
81
95
249
40
61
25
185
178
27
181
104
103
200
196
193
46
155
37
4
29
137
93
64
168
221
51
185
81
135
236
125
176
85
22
95
8
21
0
131
137
55
234
128
40
2
212
87
14
108
241
72
19
25
255
24
47
74
194
33
255
77
11
59
52
33
196
80
209
58
57
48
101
52
220
167
217
33
15
179
56
49
119
145
160
153
185
249
170
177
22
91
49
131
48
251
151
30
181
195
71
41
113
104
112
124
187
194
56
70
91
51
114
69
231
186
236
145
106
124
31
208
45
208
188
89
70
188
225
121
192
174
154
78
238
73
16
217
68
237
180
46
54
189
111
236
36
152
15
5
78
48
216
225
40
188
208
175
213
20
241
178
45
33
121
174
149
198
12
251
0
59
45
132
16
219
64
1
186
181
38
2
176
133
98
4
244
79
194
235
101
171
253
97
60
144
251
186
117
236
48
86
64
99
127
128
169
124
24
213
76
188
199
8
47
170
154
64
97
4
63
40
161
236
150
95
184
230
67
248
7
105
236
186
89
62
220
136
192
187
180
175
169
255
235
134
40
139
167
106
188
183
118
229
85
91
190
147
5
12
222
3
16
11
171
11
202
127
244
159
62
59
118
228
105
193
187
37
190
146
33
123
81
201
64
23
170
174
131
253
12
17
56
5
160
227
21
112
169
84
22
113
85
149
225
146
174
149
157
102
223
45
198
106
143
1
75
195
85
88
171
212
80
12
252
159
103
146
159
189
250
3
116
117
64
103
232
232
152
178
101
2
235
98
110
95
129
233
6
66
152
69
140
86
64
64
62
126
142
73
231
154
248
193
123
28
241
151
67
158
185
236
55
41
96
33
101
223
130
169
107
26
250
196
44
83
66
94
246
137
126
101
145
60
189
5
229
59
146
135
42
26
103
91
144
83
222
166
33
57
40
117
158
53
138
74
30
203
107
24
2
13
229
67
243
184
56
165
68
233
24
111
42
94
80
201
22
64
100
190
211
155
212
100
243
133
160
130
221
77
28
19
92
181
35
134
43
17
153
253
122
201
19
159
96
46
229
1
48
141
108
128
167
237
50
148
0
108
27
214
207
129
187
233
169
99
231
208
72
235
190
190
253
175
243
176
18
187
42
83
242
102
202
214
158
45
182
8
144
40
159
85
40
118
211
209
21
35
192
145
118
229
34
49
62
48
117
44
229
233
82
180
2
84
189
143
200
85
91
195
14
190
93
177
83
133
132
162
141
11
46
113
150
9
17
135
206
58
3
241
139
115
123
95
113
68
145
147
87
181
11
154
40
144
145
124
254
252
158
140
107
115
215
98
84
244
220
112
63
173
27
110
156
25
144
112
182
179
209
1
208
233
181
210
32
53
209
73
14
237
122
133
190
172
104
132
30
128
233
87
81
159
69
216
179
239
74
159
214
184
154
254
137
172
184
223
36
73
13
9
131
164
45
164
35
27
25
119
106
32
14
117
156
50
173
56
64
207
225
141
223
4
101
254
124
146
106
34
139
3
197
55
89
22
1
35
104
62
159
228
200
182
95
212
109
88
45
80
39
88
89
110
216
99
182
159
179
224
233
184
37
41
172
19
161
198
136
52
120
158
220
28
121
15
68
193
246
25
86
174
199
64
225
195
78
227
108
204
239
209
52
100
218
147
239
100
232
213
67
148
233
69
168
91
166
148
196
55
53
12
23
43
69
230
209
124
41
33
191
187
139
94
204
3
121
155
188
34
213
193
217
47
72
139
168
182
66
111
155
222
14
175
240
56
160
254
114
242
127
70
243
29
34
51
204
82
19
126
112
210
66
202
197
203
247
140
204
245
105
41
144
230
95
17
165
77
208
80
132
113
78
191
11
252
95
169
89
2
143
230
197
91
109
226
13
62
40
6
206
79
210
222
128
225
207
34
83
121
188
24
10
198
51
200
222
47
242
174
61
129
178
216
6
186
145
120
8
96
172
74
1
175
201
88
194
4
19
26
153
27
228
86
243
16
211
222
47
234
40
252
50
169
222
90
164
254
66
143
137
82
84
41
19
167
140
202
42
11
236
170
156
48
186
235
111
113
217
106
214
205
120
141
141
37
191
18
39
59
136
142
181
248
17
206
123
156
225
236
168
23
125
61
236
240
55
59
227
63
198
123
0
104
205
86
174
117
13
70
174
207
86
93
76
104
177
57
71
67
71
224
248
79
162
171
227
9
1
239
150
75
138
1
125
91
40
243
37
120
83
161
94
255
2
141
109
178
237
95
158
102
168
86
207
141
140
15
164
189
16
236
202
239
165
52
9
112
114
108
93
192
252
86
5
136
59
52
253
224
148
254
121
85
207
64
41
204
35
52
117
172
208
74
116
125
18
172
68
64
225
107
243
21
148
111
94
114
167
94
7
164
19
122
108
36
77
75
38
250
21
48
170
64
227
93
185
243
157
186
105
203
60
121
24
21
185
237
59
114
122
179
241
209
92
148
19
65
206
179
249
31
52
153
66
4
32
227
202
135
8
253
163
181
3
129
30
57
245
12
50
172
124
244
136
220
66
37
87
123
217
73
128
11
227
197
62
153
141
121
182
141
181
48
144
95
50
104
51
90
219
54
77
117
247
73
250
174
230
19
233
195
4
224
140
221
176
191
245
179
52
78
235
28
5
139
161
193
164
156
171
202
6
144
124
56
169
109
18
146
64
59
87
141
142
213
126
152
119
195
103
110
33
128
11
232
211
28
32
188
6
244
123
134
87
228
172
171
83
138
130
54
212
182
40
28
23
203
110
137
159
158
148
105
230
149
86
66
145
203
84
98
108
153
141
138
216
155
81
231
243
68
195
238
36
54
184
197
3
87
232
246
179
221
101
219
25
219
35
207
133
60
77
179
104
176
186
196
213
59
59
38
35
70
208
117
238
156
169
213
3
105
215
88
27
194
69
220
90
196
67
174
49
47
237
85
23
115
175
223
141
227
238
25
191
150
32
16
196
42
140
226
9
255
128
93
235
141
97
213
171
53
216
175
41
68
40
223
70
12
170
189
69
227
172
135
143
229
97
246
147
31
138
69
224
227
148
15
54
4
109
121
118
114
14
103
117
241
90
31
185
235
251
96
127
236
8
9
64
133
27
190
82
110
184
230
70
87
57
41
238
195
159
230
33
62
138
158
77
117
101
59
157
88
27
40
66
245
112
195
90
251
121
241
78
160
116
85
188
188
152
89
84
67
190
202
207
166
14
140
125
204
32
173
158
119
29
118
44
87
28
15
13
140
231
16
54
74
10
98
185
208
178
150
28
193
37
46
76
8
121
68
222
85
78
26
33
198
95
4
59
33
211
93
118
149
24
14
231
17
195
90
128
129
30
199
2
192
111
67
228
104
25
162
117
217
178
26
255
171
75
168
123
221
233
91
204
68
242
187
102
203
223
168
105
147
167
127
169
133
192
8
81
170
141
167
142
95
112
47
139
168
58
230
166
69
36
174
142
126
200
110
61
57
88
110
254
79
112
228
103
42
187
175
207
35
253
30
238
118
199
226
149
16
86
237
27
232
158
180
69
251
103
30
223
67
161
145
125
161
45
40
10
149
78
74
70
36
89
224
206
122
84
239
8
64
187
137
160
227
28
218
194
13
211
234
17
62
200
82
160
3
22
109
204
193
144
204
85
44
242
120
17
55
9
33
168
188
3
172
236
202
188
196
44
241
143
14
238
209
68
105
128
12
240
230
111
145
110
118
208
32
42
124
168
35
211
118
147
5
188
176
49
99
239
65
25
78
146
207
219
155
182
184
255
169
114
192
116
131
138
15
211
51
56
141
26
185
96
3
48
201
205
222
57
27
190
118
3
86
34
249
118
248
65
33
95
224
28
195
25
59
32
15
190
130
236
83
90
125
3
199
254
197
137
72
51
69
207
17
103
145
254
86
139
197
151
246
111
109
104
245
52
164
211
225
198
45
112
86
121
149
163
118
231
238
227
248
240
205
204
189
182
1
79
115
255
196
97
127
63
126
98
75
85
143
18
224
240
19
38
122
101
242
160
23
13
124
14
68
45
182
101
159
54
210
247
131
127
15
125
59
217
225
248
107
244
175
91
156
103
73
223
216
158
71
143
18
68
159
151
172
160
244
178
186
254
26
104
41
26
144
0
209
232
147
238
11
15
198
46
143
104
38
16
52
122
151
99
10
223
134
61
162
117
93
218
195
21
120
31
26
120
238
34
242
101
52
140
173
178
107
207
249
30
126
240
1
195
55
251
144
208
243
45
121
238
13
251
11
252
44
242
242
249
227
71
171
180
151
14
29
125
194
88
1
77
224
205
25
79
129
87
223
196
245
234
217
20
14
95
22
39
176
13
189
3
177
236
47
17
90
136
251
213
138
155
255
136
118
226
84
128
247
16
31
21
128
227
176
128
80
50
50
179
243
0
135
93
5
229
50
18
250
153
139
107
43
53
237
67
56
188
243
109
11
102
166
138
141
54
122
10
204
233
225
32
247
188
238
144
226
151
80
47
101
35
77
48
155
149
234
19
176
76
24
221
173
172
113
115
219
125
104
206
142
135
108
204
110
169
72
108
247
215
141
137
154
86
114
136
248
233
0
126
231
152
52
146
69
61
173
185
46
134
129
170
85
208
90
185
147
61
65
11
2
163
225
117
81
88
19
138
45
34
46
168
231
122
87
136
206
214
27
53
151
215
251
98
152
18
193
192
125
119
142
243
210
22
51
159
85
45
181
182
124
219
184
65
71
125
165
232
12
140
15
166
233
202
70
26
251
90
94
17
141
20
173
70
126
34
91
195
81
35
32
0
141
139
187
242
157
235
169
216
124
243
240
148
104
249
209
205
125
60
131
188
34
149
166
58
56
121
105
90
110
198
217
37
118
253
209
218
204
195
174
118
149
25
11
79
223
188
6
4
83
38
46
60
225
252
248
7
129
174
222
43
110
49
219
18
210
54
244
37
34
17
116
146
212
193
35
120
51
221
44
242
249
45
109
120
48
202
68
121
215
166
70
231
161
155
44
233
138
198
199
250
232
37
77
23
178
214
26
96
188
185
81
37
137
26
89
211
145
61
133
219
128
139
221
64
102
59
228
82
47
53
193
145
216
42
189
116
250
127
154
28
1
160
40
147
188
73
248
73
156
210
171
42
128
86
31
5
179
52
145
52
203
37
240
36
201
120
218
163
216
4
83
84
53
110
240
207
136
22
93
121
150
225
240
238
73
114
136
104
44
151
177
52
122
52
209
51
193
136
205
137
57
43
133
210
242
230
251
42
114
180
211
108
113
96
197
139
233
6
253
205
186
68
15
82
114
118
162
71
119
132
107
21
131
245
230
230
115
170
55
135
177
15
113
195
85
100
171
199
208
30
61
27
32
151
94
40
205
48
195
242
47
62
89
101
19
170
205
182
54
95
48
166
7
151
226
80
244
29
101
114
127
150
210
61
246
65
79
7
249
173
141
15
143
37
17
85
125
52
37
40
155
186
150
20
53
58
159
132
73
42
132
179
1
148
193
211
120
226
190
227
128
149
137
213
126
137
123
253
212
105
247
42
115
23
57
60
117
129
19
107
230
152
194
231
10
100
236
187
123
171
234
129
140
126
155
77
51
215
88
100
148
119
245
88
250
179
205
51
220
74
143
3
86
220
48
169
13
13
133
180
183
48
5
200
71
37
52
29
38
24
53
126
240
70
85
154
228
254
97
185
0
76
156
153
191
143
198
146
68
155
184
94
255
50
25
93
248
60
71
185
243
161
165
67
152
163
108
96
7
205
100
36
67
25
19
68
122
40
28
245
147
246
15
121
172
30
175
161
86
3
169
223
92
143
16
120
193
154
40
80
47
48
235
170
174
176
18
115
38
90
113
19
230
227
38
16
51
194
14
140
5
108
114
71
228
45
206
232
36
113
235
222
221
13
149
94
38
104
186
229
233
237
26
106
86
56
49
84
58
135
74
80
7
223
125
178
169
217
182
55
215
26
169
57
101
255
136
197
114
84
2
249
164
103
39
62
144
53
223
75
94
204
94
139
170
222
202
93
75
19
143
114
192
17
138
95
95
172
75
243
55
13
235
201
64
120
79
184
244
62
140
190
191
111
200
208
62
143
170
30
242
213
24
21
30
99
137
177
165
41
63
19
28
186
29
4
41
130
24
202
11
159
192
36
231
43
19
26
68
26
2
53
48
136
1
51
94
99
26
7
60
243
135
223
108
113
167
180
163
242
72
170
177
146
175
194
189
169
53
253
23
152
214
35
133
15
127
42
215
172
217
107
135
25
86
34
39
110
167
36
229
52
10
195
149
132
108
21
132
174
47
37
109
61
55
134
152
51
69
152
147
254
159
138
244
12
199
60
244
109
159
59
175
188
219
81
41
173
199
129
155
230
240
16
250
148
49
8
14
209
23
253
93
112
242
209
165
144
195
108
146
158
244
56
155
45
226
39
158
235
213
238
110
123
61
101
188
143
94
70
93
123
41
52
204
92
173
92
97
54
230
72
120
114
77
129
13
24
248
236
140
250
122
54
95
232
239
151
0
3
157
64
27
234
66
222
253
191
11
210
90
65
177
30
1
60
17
126
54
29
132
254
144
137
52
181
178
153
16
10
49
68
213
110
244
1
229
183
101
71
40
251
44
70
98
26
69
211
37
7
51
99
161
45
17
126
201
125
11
251
235
248
16
37
51
67
154
5
8
76
24
150
211
182
49
109
189
198
5
80
33
226
141
89
98
37
182
2
156
245
2
255
83
23
229
79
143
99
112
139
0
62
89
194
188
15
152
124
162
117
155
22
205
1
125
26
59
235
180
246
142
46
226
10
168
151
13
49
174
67
13
212
35
104
50
196
118
218
242
11
242
188
250
231
145
156
160
38
225
59
109
177
167
149
64
134
245
251
5
223
70
48
191
77
175
73
12
228
118
236
82
246
27
74
5
41
148
53
154
217
207
113
151
177
126
207
96
47
208
171
204
244
217
31
8
119
213
33
150
12
191
205
108
94
141
181
107
54
57
106
207
183
234
207
91
230
19
127
83
84
95
200
92
140
233
221
134
206
183
54
201
118
169
34
117
116
63
15
114
167
118
227
133
19
213
35
20
82
204
107
220
108
7
66
146
39
155
244
7
218
47
143
38
145
152
140
36
149
181
162
146
4
83
93
5
61
196
242
207
195
40
66
166
193
85
101
2
231
118
29
138
130
120
211
56
35
149
112
94
4
110
245
14
198
78
104
90
196
124
25
162
73
157
202
205
194
38
244
250
180
119
195
245
33
41
250
165
232
143
162
33
0
8
171
199
108
212
82
255
207
181
55
138
226
172
145
107
146
99
41
45
3
26
144
95
234
32
104
113
206
51
26
182
239
241
127
182
189
82
244
31
34
154
226
80
72
16
187
140
124
106
143
60
185
152
186
239
51
77
70
58
79
117
133
33
207
2
199
251
142
67
185
139
51
22
185
251
11
155
147
135
154
104
141
155
3
205
12
215
250
41
162
46
125
18
149
160
121
111
116
230
172
53
123
34
31
185
124
177
210
248
168
94
218
