210
143
175
31
199
141
4
194
114
205
129
53
190
254
90
240
243
99
211
200
140
132
202
3
217
109
52
212
10
57
185
125
15
158
183
50
85
122
39
131
110
8
168
90
133
95
163
224
149
23
100
230
53
191
45
197
49
138
33
30
137
189
203
190
207
201
25
40
201
59
188
5
199
94
152
35
157
27
156
252
199
80
136
248
128
82
89
137
208
148
180
135
246
65
149
32
136
67
8
0
33
48
83
22
98
147
30
189
31
85
163
2
226
97
137
61
95
137
137
9
57
219
247
13
166
184
22
164
236
209
7
227
184
146
173
178
126
153
27
242
151
2
140
48
178
5
185
67
85
106
23
26
82
247
31
99
173
91
10
5
176
66
48
155
228
111
98
56
137
204
57
46
186
140
123
187
167
178
180
36
131
117
117
73
168
22
145
200
139
26
181
41
10
188
186
141
124
111
171
35
82
77
0
71
51
236
42
198
75
50
53
131
112
65
146
1
31
227
227
64
230
101
55
19
139
224
214
211
32
210
61
185
114
150
11
187
197
34
209
126
105
16
33
54
166
236
5
161
241
20
100
95
24
162
45
152
83
199
176
102
27
240
219
7
249
152
55
59
86
186
216
186
220
248
171
79
238
136
102
42
117
178
36
45
120
19
70
200
62
81
114
75
137
45
162
32
173
20
109
236
255
33
242
144
126
141
42
94
147
47
53
104
74
178
171
134
8
204
4
197
183
220
13
161
122
99
121
253
25
200
37
117
93
88
107
142
9
115
105
15
90
191
214
131
204
207
193
230
71
155
2
228
180
43
87
32
20
171
83
29
177
120
105
144
122
207
17
159
196
104
1
78
69
113
52
52
79
168
142
196
171
127
137
207
157
119
181
103
191
179
43
85
150
72
87
44
75
31
87
207
171
20
88
180
56
117
114
253
145
121
34
254
10
202
184
157
31
77
173
51
191
120
189
14
73
223
84
186
240
47
187
58
231
216
181
115
7
16
79
8
88
158
124
18
220
133
129
74
139
8
88
48
67
99
101
251
23
189
195
30
156
201
106
26
222
31
148
208
72
204
91
127
154
198
138
225
183
242
97
103
144
165
34
121
222
246
145
122
4
96
8
13
101
13
218
122
243
255
125
191
67
46
247
134
239
122
35
109
60
48
23
231
15
155
8
100
189
211
131
75
41
117
76
216
105
185
45
67
200
45
179
74
111
61
174
218
90
89
149
120
3
9
170
175
145
23
251
28
166
67
234
113
102
153
16
147
220
71
116
156
189
16
116
147
27
37
39
180
229
0
53
113
111
76
218
100
230
97
202
52
77
170
54
181
144
61
4
164
102
179
242
245
104
223
103
68
114
5
115
170
225
55
2
20
187
84
215
11
201
147
145
79
19
5
131
252
28
93
65
59
198
199
117
152
67
136
11
90
129
149
84
123
192
139
61
33
131
79
132
243
8
188
116
1
43
254
251
52
115
11
80
46
90
167
150
193
153
227
94
146
197
30
149
0
101
53
103
160
132
145
55
37
199
192
143
87
109
125
238
87
2
97
25
210
157
188
115
32
104
16
123
246
35
32
20
60
112
57
7
91
5
175
4
193
23
50
22
212
48
120
149
6
168
122
200
250
7
44
139
106
187
95
151
233
43
86
205
74
189
70
17
111
208
234
3
103
22
134
135
43
30
93
26
225
105
59
176
176
54
243
20
218
157
254
3
79
235
177
233
121
138
103
199
127
182
12
99
19
82
94
17
93
84
234
206
97
70
251
244
31
95
65
157
82
230
121
188
121
132
57
22
248
45
81
227
95
215
104
45
161
19
14
221
5
208
216
168
125
65
89
227
218
59
70
108
244
113
41
129
7
95
202
212
253
191
77
203
42
237
200
115
193
207
202
62
41
186
20
176
192
32
1
210
242
233
79
21
159
174
145
118
201
1
217
147
8
119
71
153
174
125
108
202
34
22
211
239
128
56
204
33
163
122
52
225
184
42
119
225
157
244
52
171
120
191
255
36
86
93
54
16
174
219
183
103
56
4
223
164
23
95
29
150
75
175
40
25
149
215
28
173
74
130
170
126
29
223
229
95
16
126
140
62
243
13
192
3
131
14
200
132
231
49
100
45
255
230
231
229
221
76
129
199
25
161
101
67
18
15
178
103
132
14
182
48
102
188
154
246
53
4
18
250
231
22
125
201
171
6
25
6
183
34
81
252
178
133
60
138
83
235
167
50
37
90
248
41
53
140
207
185
13
101
249
152
254
1
230
97
119
