137
188
101
188
126
148
53
205
57
177
129
103
27
98
7
184
101
10
55
143
55
203
124
255
11
59
248
40
220
240
80
210
89
131
20
111
91
163
18
47
215
113
154
45
229
30
160
184
61
51
191
24
226
249
45
166
210
63
174
171
195
234
217
179
7
38
178
130
28
126
164
67
14
116
244
114
213
136
232
14
82
198
190
144
66
17
185
88
37
24
253
123
44
17
209
238
181
145
128
29
97
184
40
211
244
211
70
82
204
104
130
108
17
157
187
251
217
151
231
209
76
63
210
179
234
90
203
220
73
40
108
72
35
188
204
18
101
187
143
44
64
125
51
222
140
58
171
222
115
48
87
37
69
102
14
95
135
192
211
47
177
39
57
27
134
238
245
77
244
178
203
161
47
186
100
51
191
23
196
69
182
148
147
75
208
13
166
128
244
213
27
248
72
75
73
106
68
119
50
249
62
254
127
250
113
174
143
85
222
237
202
195
198
62
67
190
213
130
226
130
63
177
217
7
83
226
6
209
221
146
85
1
246
188
64
55
5
92
100
180
42
67
129
33
121
197
179
5
119
42
107
188
23
143
187
254
131
17
39
183
219
217
140
64
96
102
95
216
119
160
200
56
28
155
86
202
17
66
24
246
50
254
67
240
185
153
101
11
177
92
154
165
213
66
6
128
150
229
173
41
190
163
137
56
53
223
254
228
15
135
33
86
225
39
223
238
11
99
125
213
38
218
122
47
222
0
112
73
111
245
7
92
72
135
202
120
91
187
25
122
195
247
61
89
218
232
59
38
3
221
209
0
181
251
167
204
81
72
51
25
60
124
105
138
139
12
103
23
133
186
147
104
255
111
145
90
16
2
48
119
52
249
247
230
242
214
68
82
20
48
158
55
18
220
225
248
230
78
19
17
0
19
186
15
65
123
36
184
112
227
187
123
194
230
121
99
242
123
151
212
33
81
155
124
228
25
62
191
225
230
125
73
128
29
44
18
113
141
119
249
61
80
42
226
206
4
126
219
235
69
78
30
154
85
138
163
25
186
87
122
96
41
191
220
234
53
0
81
97
112
201
240
105
121
38
59
71
208
176
179
70
11
129
105
10
25
109
34
136
78
63
30
43
115
205
31
15
222
28
88
