360000.000000 12.000000 1.000000 1.000000 10.000000 1.000000 7.000000 3.000000 4.000000 100.000000 1.000000 1.000000 0.000000 1.000000 1.000000 1.000000 1.000000 1.000000 1.000000 1.000000 0.000000 
2368.421143 1.578947 2.157895 2.421053 4.210526 5.631579 6.368421 0.684211 0.894737 81.578949 1.736842 1.526316 0.000000 1.000000 0.789474 0.842105 0.736842 0.210526 0.526316 0.526316 0.052632 
80000.000000 1.500000 6.500000 2.500000 4.500000 4.000000 4.500000 1.500000 2.000000 100.000000 3.500000 3.500000 0.000000 1.000000 1.000000 0.500000 0.500000 0.500000 0.500000 0.000000 0.000000 
500000.000000 9.000000 1.000000 3.000000 10.000000 6.000000 2.000000 3.000000 3.000000 75.000000 1.000000 1.000000 0.000000 1.000000 1.000000 1.000000 1.000000 1.000000 1.000000 1.000000 1.000000 
28650.000000 3.500000 1.000000 1.500000 6.000000 6.500000 3.500000 3.000000 2.500000 100.000000 1.000000 0.000000 0.000000 1.000000 1.000000 1.000000 1.000000 1.000000 0.500000 0.500000 0.500000 
10016.666992 2.000000 1.000000 1.666667 4.000000 7.333333 6.000000 0.000000 1.000000 91.666664 3.333333 3.333333 0.000000 1.000000 0.333333 1.000000 1.000000 0.666667 0.666667 0.666667 0.666667 
115000.000000 5.000000 1.000000 0.000000 10.000000 2.000000 6.000000 3.000000 4.000000 100.000000 0.000000 1.000000 0.000000 1.000000 1.000000 1.000000 0.000000 0.000000 0.000000 0.000000 0.000000 
40000.000000 2.500000 1.000000 1.000000 6.000000 4.500000 6.000000 3.000000 3.000000 100.000000 3.000000 0.500000 0.000000 1.000000 1.000000 1.000000 0.500000 1.000000 0.500000 0.500000 0.000000 
319.183685 1.061224 7.734694 1.979592 4.500000 5.479592 5.928571 0.448980 0.387755 90.540817 2.500000 2.683673 0.071429 1.020408 0.418367 0.775510 0.571429 0.265306 0.295918 0.244898 0.081633 
19300.000000 2.000000 1.000000 1.000000 2.000000 6.000000 1.000000 3.000000 3.000000 75.000000 2.000000 0.000000 0.000000 1.000000 1.000000 1.000000 1.000000 1.000000 1.000000 0.000000 0.000000 
50000.000000 10.000000 1.000000 4.000000 2.000000 10.000000 6.000000 0.000000 0.000000 100.000000 2.000000 2.000000 0.000000 1.000000 1.000000 1.000000 1.000000 1.000000 1.000000 1.000000 1.000000 
3921.428467 1.857143 1.928571 1.642857 3.357143 5.500000 4.714286 1.285714 1.000000 87.857140 2.714286 2.714286 0.000000 1.000000 0.857143 0.857143 0.785714 0.142857 0.428571 0.357143 0.142857 
6860.000000 2.400000 1.000000 1.800000 3.800000 4.200000 5.000000 1.200000 1.400000 80.000000 1.600000 2.400000 0.000000 1.000000 0.600000 0.400000 0.800000 0.200000 0.400000 0.000000 0.200000 
15500.000000 3.000000 1.000000 2.000000 4.500000 5.000000 6.000000 1.500000 2.500000 100.000000 0.500000 3.000000 0.000000 1.000000 1.000000 1.000000 1.000000 0.500000 0.000000 1.000000 0.000000 
1204.166626 1.291667 2.666667 1.541667 3.083333 4.458333 6.333333 1.166667 1.000000 89.583336 1.875000 2.083333 0.083333 1.041667 0.458333 0.708333 0.666667 0.333333 0.375000 0.291667 0.083333 
25500.000000 4.000000 1.000000 0.500000 1.500000 5.500000 8.500000 3.000000 4.000000 87.500000 0.500000 1.000000 0.000000 1.000000 1.000000 0.500000 0.500000 1.000000 0.500000 0.500000 0.000000 
8521.428711 1.571429 1.142857 1.714286 5.285714 7.571429 6.857143 1.428571 1.571429 100.000000 3.857143 4.285714 0.000000 1.000000 0.857143 0.714286 0.714286 0.142857 0.428571 0.142857 0.142857 
30333.333984 2.666667 1.000000 2.000000 1.666667 3.333333 2.666667 1.333333 1.333333 100.000000 4.000000 6.666667 0.000000 1.000000 1.000000 1.000000 1.000000 0.333333 0.333333 0.333333 0.333333 
22000.000000 1.000000 1.000000 4.000000 6.000000 9.000000 6.000000 0.000000 0.000000 100.000000 0.000000 0.000000 0.000000 1.000000 1.000000 1.000000 1.000000 1.000000 1.000000 0.000000 0.000000 
