  50
  37
 235
  14
 164
 143
  55
 227
 246
   1
  77
  49
 165
 236
  15
 103
 218
 154
  58
  31
 279
 223
   8
 152
  97
 286
 214
  17
 265
  23
   7
 135
  69
 114
 167
  97
  66
 273
 159
 300
   7
 237
  50
 166
  10
  55
 247
 143
 227
 118
 131
 255
   9
  65
 248
 153
 190
 211
 213
 125
 274
  78
 291
 221
 276
 107
 301
  64
 161
  55
 246
 226
 143
   2
 195
  32
 206
  76
 185
  11
  49
 145
 238
 303
 287
 215
 258
 160
  87
 278
 106
 275
  26
  10
  56
 144
 111
 196
  45
 150
 225
  75
  30
   0
 240
  63
   8
 152
 223
 299
  55
 130
 222
 210
   7
 270
  64
  89
 186
 159
 191
 123
  60
 249
 126
 212
  18
 302
 115
 267
 282
 207
 223
 152
   8
  62
  94
 159
 274
  64
  51
  10
 239
 144
  28
 112
 145
  11
  22
 288
 212
 273
  90
 105
 126
 124
 171
 268
 129
 241
  62
 197
 152
 246
  42
 228
 150
  25
  68
  10
 224
  35
  61
 157
 273
 159
   7
 245
 273
 288
  90
 159
 293
  12
  18
 214
 304
 264
 175
 127
 211
  41
 105
 259
  51
 110
  10
 144
 240
  62
 152
   8
  52
  67
 293
 171
 102
 147
 257
  13
 293
  93
 273
 159
 305
 244
 214
 282
 189
  40
  43
 134
 113
 169
  33
 261
 219
  96
  45
 205
 119
 192
  54
  36
 243
 146
 250
  59
  71
 163
 295
 256
 277
 158
  52
 109
 269
 288
  91
  24
 183
 296
 141
 182
  95
 175
 204
 116
 198
 254
  56
 137
 138
 242
   3
  29
 199
 100
   6
  59
  34
 142
 117
  52
 273
  86
 120
 272
 234
 209
  79
  20
 306
 266
 217
 298
 170
 252
 200
 139
   5
 101
  45
 151
 193
 122
  31
 131
  57
  74
 295
 182
 108
  16
 187
  39
 214
 204
 229
 232
  81
 128
  38
  53
 208
 253
 293
 280
  52
  84
  53
 136
   3
 100
  19
 277
 177
  88
 273
 178
 105
  81
 294
 289
  21
 188
 174
 262
 269
 293
  83
 184
 285
 155
 168
 233
  36
  99
  53
 233
 283
 220
 173
 268
  82
 284
 179
 230
 133
 132
 290
 260
 176
 273
  80
 177
 216
 263
 307
 281
  92
  25
 203
 148
  73
  46
  48
  47
 251
  98
 253
 140
   4
 297
 181
 180
 231
 194
 201
 168
 273
 171
 172
  85
  27
 202
  72
 149
 271
 104
  44
 156
 292
 121
 162
  70